1590853892.58,0.57
1590853892.6,0.57
1590853892.62,0.57
1590853892.65,0.57
1590853892.67,0.57
1590853892.69,0.57
1590853892.71,0.58
1590853892.74,0.57
1590853892.76,0.57
1590853892.78,0.58
1590853892.8,0.58
1590853892.82,0.58
1590853892.85,0.58
1590853892.87,0.58
1590853892.89,0.57
1590853892.91,0.57
1590853892.93,0.57
1590853892.96,0.56
1590853892.98,0.56
1590853893.0,0.57
1590853893.02,0.56
1590853893.04,0.57
1590853893.07,0.58
1590853893.09,0.59
1590853893.11,0.58
1590853893.13,0.57
1590853893.15,0.57
1590853893.18,0.58
1590853893.2,0.57
1590853893.22,0.57
1590853893.24,0.57
1590853893.27,0.57
1590853893.29,0.57
1590853893.31,0.57
1590853893.33,0.57
1590853893.36,0.58
1590853893.38,0.58
1590853893.4,0.58
1590853893.42,0.58
1590853893.45,0.59
1590853893.47,0.59
1590853893.49,0.59
1590853893.51,0.58
1590853893.53,0.58
1590853893.56,0.59
1590853893.58,0.59
1590853893.6,0.58
1590853893.62,0.58
1590853893.64,0.58
1590853893.67,0.59
1590853893.69,0.59
1590853893.71,0.59
1590853893.73,0.59
1590853893.75,0.59
1590853893.78,0.58
1590853893.8,0.59
1590853893.82,0.59
1590853893.84,0.59
1590853893.86,0.59
1590853893.89,0.58
1590853893.91,0.60
1590853893.93,0.59
1590853893.95,0.58
1590853893.98,0.58
1590853894.0,0.59
1590853894.02,0.59
1590853894.04,0.60
1590853894.06,0.62
1590853894.09,0.64
1590853894.11,0.67
1590853894.13,0.69
1590853894.15,0.69
1590853894.17,0.70
1590853894.2,0.71
1590853894.22,0.72
1590853894.24,0.71
1590853894.26,0.70
1590853894.28,0.70
1590853894.31,0.68
1590853894.33,0.68
1590853894.35,0.69
1590853894.38,0.70
1590853894.4,0.70
1590853894.42,0.70
1590853894.44,0.70
1590853894.47,0.70
1590853894.49,0.70
1590853894.51,0.71
1590853894.53,0.71
1590853894.55,0.73
1590853894.58,0.72
1590853894.6,0.72
1590853894.62,0.72
1590853894.64,0.72
1590853894.66,0.72
1590853894.69,0.72
1590853894.71,0.72
1590853894.73,0.72
1590853894.75,0.72
1590853894.77,0.71
1590853894.8,0.69
1590853894.82,0.69
1590853894.84,0.69
1590853894.86,0.70
1590853894.88,0.69
1590853894.91,0.68
1590853894.93,0.66
1590853894.95,0.67
1590853894.97,0.67
1590853894.99,0.66
1590853895.02,0.65
1590853895.04,0.66
1590853895.06,0.65
1590853895.08,0.65
1590853895.11,0.65
1590853895.13,0.64
1590853895.15,0.65
1590853895.17,0.65
1590853895.19,0.65
1590853895.22,0.64
1590853895.24,0.63
1590853895.26,0.65
1590853895.28,0.66
1590853895.3,0.67
1590853895.33,0.67
1590853895.35,0.67
1590853895.37,0.67
1590853895.39,0.66
1590853895.42,0.64
1590853895.44,0.64
1590853895.46,0.62
1590853895.49,0.60
1590853895.51,0.57
1590853895.53,0.57
1590853895.55,0.57
1590853895.57,0.57
1590853895.6,0.55
1590853895.62,0.54
1590853895.64,0.51
1590853895.66,0.50
1590853895.68,0.46
1590853895.71,0.42
1590853895.73,0.41
1590853895.75,0.38
1590853895.77,0.36
1590853895.79,0.34
1590853895.82,0.33
1590853895.84,0.31
1590853895.86,0.30
1590853895.88,0.30
1590853895.9,0.30
1590853895.93,0.33
1590853895.95,0.35
1590853895.97,0.34
1590853895.99,0.34
1590853896.01,0.33
1590853896.04,0.33
1590853896.06,0.32
1590853896.08,0.32
1590853896.1,0.35
1590853896.13,0.39
1590853896.15,0.41
1590853896.17,0.42
1590853896.19,0.43
1590853896.21,0.42
1590853896.24,0.43
1590853896.26,0.43
1590853896.28,0.46
1590853896.3,0.49
1590853896.32,0.50
1590853896.35,0.51
1590853896.37,0.52
1590853896.39,0.51
1590853896.41,0.50
1590853896.44,0.48
1590853896.46,0.49
1590853896.48,0.49
1590853896.5,0.48
1590853896.53,0.48
1590853896.55,0.48
1590853896.57,0.48
1590853896.59,0.47
1590853896.62,0.46
1590853896.64,0.47
1590853896.66,0.47
1590853896.68,0.48
1590853896.7,0.49
1590853896.73,0.49
1590853896.75,0.48
1590853896.77,0.48
1590853896.79,0.48
1590853896.81,0.48
1590853896.84,0.48
1590853896.86,0.48
1590853896.88,0.47
1590853896.9,0.48
1590853896.92,0.48
1590853896.95,0.49
1590853896.97,0.48
1590853896.99,0.48
1590853897.01,0.48
1590853897.03,0.49
1590853897.06,0.48
1590853897.08,0.48
1590853897.1,0.48
1590853897.12,0.48
1590853897.15,0.49
1590853897.17,0.49
1590853897.19,0.49
1590853897.21,0.49
1590853897.23,0.50
1590853897.26,0.50
1590853897.28,0.51
1590853897.3,0.52
1590853897.32,0.51
1590853897.34,0.51
1590853897.37,0.51
1590853897.39,0.51
1590853897.41,0.52
1590853897.43,0.51
1590853897.46,0.50
1590853897.48,0.49
1590853897.5,0.49
1590853897.52,0.48
1590853897.55,0.50
1590853897.57,0.49
1590853897.59,0.50
1590853897.61,0.50
1590853897.64,0.50
1590853897.66,0.49
1590853897.68,0.50
1590853897.7,0.50
1590853897.72,0.50
1590853897.75,0.50
1590853897.77,0.50
1590853897.79,0.50
1590853897.81,0.50
1590853897.83,0.50
1590853897.86,0.49
1590853897.88,0.49
1590853897.9,0.49
1590853897.92,0.50
1590853897.94,0.50
1590853897.97,0.50
1590853897.99,0.50
1590853898.01,0.50
1590853898.03,0.50
1590853898.06,0.49
1590853898.08,0.49
1590853898.1,0.49
1590853898.12,0.49
1590853898.14,0.50
1590853898.17,0.50
1590853898.19,0.50
1590853898.21,0.51
1590853898.23,0.50
1590853898.25,0.50
1590853898.28,0.50
1590853898.3,0.51
1590853898.32,0.51
1590853898.34,0.50
1590853898.36,0.50
1590853898.39,0.50
1590853898.41,0.50
1590853898.43,0.50
1590853898.45,0.50
1590853898.47,0.50
1590853898.5,0.50
1590853898.52,0.50
1590853898.54,0.50
1590853898.57,0.50
1590853898.59,0.50
1590853898.61,0.50
1590853898.63,0.50
1590853898.66,0.50
1590853898.68,0.50
1590853898.7,0.49
1590853898.72,0.50
1590853898.74,0.51
1590853898.77,0.51
1590853898.79,0.51
1590853898.81,0.50
1590853898.83,0.50
1590853898.85,0.50
1590853898.88,0.50
1590853898.9,0.50
1590853898.92,0.50
1590853898.94,0.50
1590853898.96,0.51
1590853898.99,0.50
1590853899.01,0.50
1590853899.03,0.49
1590853899.05,0.49
1590853899.08,0.50
1590853899.1,0.50
1590853899.12,0.50
1590853899.14,0.50
1590853899.16,0.51
1590853899.19,0.50
1590853899.21,0.51
1590853899.23,0.50
1590853899.25,0.50
1590853899.27,0.50
1590853899.3,0.50
1590853899.32,0.50
1590853899.34,0.50
1590853899.36,0.51
1590853899.38,0.51
1590853899.41,0.50
1590853899.43,0.50
1590853899.45,0.49
1590853899.47,0.50
1590853899.49,0.50
1590853899.52,0.50
1590853899.54,0.50
1590853899.56,0.50
1590853899.58,0.50
1590853899.61,0.50
1590853899.63,0.50
1590853899.65,0.51
1590853899.68,0.51
1590853899.7,0.51
1590853899.72,0.50
1590853899.74,0.50
1590853899.76,0.50
1590853899.79,0.49
1590853899.81,0.50
1590853899.83,0.51
1590853899.85,0.50
1590853899.87,0.50
1590853899.9,0.50
1590853899.92,0.50
1590853899.94,0.50
1590853899.96,0.50
1590853899.98,0.50
1590853900.01,0.50
1590853900.03,0.49
1590853900.05,0.49
1590853900.07,0.50
1590853900.1,0.50
1590853900.12,0.51
1590853900.14,0.50
1590853900.16,0.51
1590853900.18,0.50
1590853900.21,0.50
1590853900.23,0.50
1590853900.25,0.51
1590853900.27,0.50
1590853900.29,0.50
1590853900.32,0.51
1590853900.34,0.50
1590853900.36,0.50
1590853900.38,0.50
1590853900.4,0.50
1590853900.43,0.49
1590853900.45,0.50
1590853900.47,0.50
1590853900.49,0.51
1590853900.51,0.50
1590853900.54,0.50
1590853900.56,0.49
1590853900.58,0.51
1590853900.6,0.51
1590853900.63,0.51
1590853900.65,0.52
1590853900.67,0.50
1590853900.69,0.50
1590853900.72,0.50
1590853900.74,0.51
1590853900.76,0.50
1590853900.78,0.50
1590853900.81,0.50
1590853900.83,0.49
1590853900.85,0.50
1590853900.87,0.51
1590853900.89,0.51
1590853900.92,0.50
1590853900.94,0.51
1590853900.96,0.50
1590853900.98,0.51
1590853901.01,0.50
1590853901.03,0.51
1590853901.05,0.50
1590853901.07,0.51
1590853901.09,0.51
1590853901.12,0.51
1590853901.14,0.50
1590853901.16,0.50
1590853901.18,0.50
1590853901.2,0.50
1590853901.23,0.50
1590853901.25,0.50
1590853901.27,0.49
1590853901.29,0.51
1590853901.31,0.50
1590853901.34,0.50
1590853901.36,0.50
1590853901.38,0.50
1590853901.4,0.50
1590853901.42,0.50
1590853901.45,0.50
1590853901.47,0.50
1590853901.49,0.51
1590853901.51,0.49
1590853901.53,0.49
1590853901.56,0.49
1590853901.58,0.50
1590853901.6,0.50
1590853901.62,0.50
1590853901.65,0.50
1590853901.67,0.50
1590853901.69,0.50
1590853901.71,0.50
1590853901.74,0.50
1590853901.76,0.50
1590853901.78,0.50
1590853901.8,0.50
1590853901.83,0.50
1590853901.85,0.50
1590853901.87,0.51
1590853901.89,0.51
1590853901.92,0.50
1590853901.94,0.50
1590853901.96,0.49
1590853901.98,0.50
1590853902.0,0.50
1590853902.03,0.50
1590853902.05,0.50
1590853902.07,0.49
1590853902.09,0.50
1590853902.11,0.50
1590853902.14,0.50
1590853902.16,0.50
1590853902.18,0.50
1590853902.2,0.51
1590853902.22,0.50
1590853902.25,0.50
1590853902.27,0.50
1590853902.29,0.50
1590853902.31,0.50
1590853902.33,0.50
1590853902.36,0.50
1590853902.38,0.50
1590853902.4,0.51
1590853902.42,0.50
1590853902.44,0.51
1590853902.47,0.51
1590853902.49,0.52
1590853902.51,0.52
1590853902.53,0.51
1590853902.56,0.50
1590853902.58,0.49
1590853902.6,0.49
1590853902.62,0.51
1590853902.64,0.51
1590853902.67,0.49
1590853902.69,0.48
1590853902.71,0.47
1590853902.73,0.46
1590853902.76,0.46
1590853902.78,0.47
1590853902.8,0.48
1590853902.82,0.50
1590853902.85,0.53
1590853902.87,0.54
1590853902.89,0.54
1590853902.91,0.55
1590853902.94,0.54
1590853902.96,0.54
1590853902.98,0.54
1590853903.0,0.53
1590853903.02,0.52
1590853903.05,0.51
1590853903.07,0.51
1590853903.09,0.51
1590853903.11,0.51
1590853903.13,0.51
1590853903.16,0.51
1590853903.18,0.52
1590853903.2,0.53
1590853903.22,0.53
1590853903.24,0.53
1590853903.27,0.53
1590853903.29,0.53
1590853903.31,0.53
1590853903.33,0.52
1590853903.35,0.53
1590853903.38,0.52
1590853903.4,0.53
1590853903.42,0.55
1590853903.44,0.53
1590853903.46,0.49
1590853903.49,0.52
1590853903.51,0.52
1590853903.53,0.52
1590853903.55,0.53
1590853903.58,0.52
1590853903.6,0.56
1590853903.62,0.53
1590853903.64,0.54
1590853903.66,0.48
1590853903.69,0.53
1590853903.71,0.53
1590853903.73,0.52
1590853903.75,0.54
1590853903.77,0.53
1590853903.8,0.54
1590853903.82,0.52
1590853903.84,0.51
1590853903.86,0.47
1590853903.89,0.51
1590853903.91,0.50
1590853903.93,0.49
1590853903.96,0.50
1590853903.98,0.55
1590853904.0,0.51
1590853904.02,0.48
1590853904.04,0.55
1590853904.07,0.49
1590853904.09,0.44
1590853904.11,0.50
1590853904.13,0.53
1590853904.15,0.59
1590853904.18,0.62
1590853904.2,0.67
1590853904.22,0.70
1590853904.24,0.68
1590853904.26,0.67
1590853904.29,0.64
1590853904.31,0.65
1590853904.33,0.61
1590853904.35,0.67
1590853904.37,0.69
1590853904.4,0.65
1590853904.42,0.67
1590853904.44,0.76
1590853904.46,0.46
1590853904.49,0.67
1590853904.51,0.62
1590853904.53,0.67
1590853904.55,0.67
1590853904.57,0.66
1590853904.6,0.66
1590853904.62,0.64
1590853904.64,0.65
1590853904.66,0.67
1590853904.68,0.69
1590853904.71,0.69
1590853904.73,0.67
1590853904.75,0.68
1590853904.77,0.68
1590853904.79,0.68
1590853904.82,0.68
1590853904.84,0.68
1590853904.86,0.67
1590853904.88,0.67
1590853904.91,0.67
1590853904.93,0.66
1590853904.95,0.64
1590853904.97,0.64
1590853905.0,0.62
1590853905.02,0.64
1590853905.04,0.61
1590853905.06,0.58
1590853905.09,0.55
1590853905.11,0.54
1590853905.13,0.57
1590853905.15,0.56
1590853905.17,0.56
1590853905.2,0.56
1590853905.22,0.55
1590853905.24,0.55
1590853905.26,0.56
1590853905.28,0.55
1590853905.31,0.53
1590853905.33,0.52
1590853905.35,0.50
1590853905.37,0.51
1590853905.39,0.50
1590853905.42,0.50
1590853905.44,0.48
1590853905.46,0.48
1590853905.48,0.51
1590853905.5,0.53
1590853905.53,0.53
1590853905.55,0.53
1590853905.57,0.54
1590853905.59,0.53
1590853905.62,0.54
1590853905.64,0.54
1590853905.66,0.56
1590853905.68,0.59
1590853905.7,0.62
1590853905.73,0.64
1590853905.75,0.67
1590853905.77,0.72
1590853905.79,0.78
1590853905.81,0.83
1590853905.84,0.86
1590853905.86,0.88
1590853905.88,0.89
1590853905.9,0.88
1590853905.93,0.87
1590853905.95,0.85
1590853905.97,0.83
1590853905.99,0.85
1590853906.02,0.86
1590853906.04,0.86
1590853906.06,0.85
1590853906.08,0.86
1590853906.11,0.86
1590853906.13,0.86
1590853906.15,0.85
1590853906.17,0.84
1590853906.19,0.84
1590853906.22,0.84
1590853906.24,0.83
1590853906.26,0.84
1590853906.28,0.84
1590853906.3,0.85
1590853906.33,0.86
1590853906.35,0.87
1590853906.37,0.88
1590853906.39,0.88
1590853906.41,0.90
1590853906.44,0.91
1590853906.46,0.91
1590853906.48,0.90
1590853906.5,0.91
1590853906.52,0.93
1590853906.55,0.93
1590853906.57,0.92
1590853906.59,0.92
1590853906.61,0.93
1590853906.63,0.92
1590853906.66,0.93
1590853906.68,0.92
1590853906.7,0.93
1590853906.72,0.94
1590853906.75,0.94
1590853906.77,0.93
1590853906.79,0.93
1590853906.81,0.93
1590853906.83,0.92
1590853906.86,0.92
1590853906.88,0.91
1590853906.9,0.92
1590853906.92,0.93
1590853906.95,0.93
1590853906.97,0.94
1590853906.99,0.94
1590853907.01,0.94
1590853907.04,0.92
1590853907.06,0.92
1590853907.08,0.92
1590853907.1,0.93
1590853907.12,0.93
1590853907.15,0.94
1590853907.17,0.96
1590853907.19,0.97
1590853907.21,0.97
1590853907.24,0.95
1590853907.26,0.95
1590853907.28,0.98
1590853907.3,1.00
1590853907.32,1.00
1590853907.35,1.01
1590853907.37,1.02
1590853907.39,1.03
1590853907.41,1.04
1590853907.43,1.03
1590853907.46,1.03
1590853907.48,1.02
1590853907.5,1.01
1590853907.52,1.01
1590853907.54,1.02
1590853907.57,1.03
1590853907.59,1.02
1590853907.61,1.01
1590853907.63,1.01
1590853907.65,1.01
1590853907.68,1.02
1590853907.7,1.01
1590853907.72,1.00
1590853907.74,1.00
1590853907.76,0.99
1590853907.79,1.00
1590853907.81,1.00
1590853907.83,1.00
1590853907.85,1.00
1590853907.87,1.00
1590853907.9,0.99
1590853907.92,0.99
1590853907.94,0.98
1590853907.96,0.98
1590853907.99,0.97
1590853908.01,0.97
1590853908.03,0.96
1590853908.05,0.97
1590853908.08,0.96
1590853908.1,0.95
1590853908.12,0.94
1590853908.14,0.95
1590853908.17,0.94
1590853908.19,0.95
1590853908.21,0.95
1590853908.23,0.95
1590853908.25,0.95
1590853908.28,0.96
1590853908.3,0.96
1590853908.32,0.96
1590853908.34,0.95
1590853908.36,0.96
1590853908.39,0.95
1590853908.41,0.96
1590853908.43,0.96
1590853908.45,0.96
1590853908.48,0.95
1590853908.5,0.97
1590853908.52,0.97
1590853908.54,0.98
1590853908.56,0.98
1590853908.59,0.99
1590853908.61,0.99
1590853908.63,0.99
1590853908.65,1.00
1590853908.67,0.99
1590853908.7,0.99
1590853908.72,0.98
1590853908.74,0.97
1590853908.76,0.97
1590853908.78,0.97
1590853908.81,0.97
1590853908.83,0.95
1590853908.85,0.97
1590853908.87,0.96
1590853908.89,0.97
1590853908.92,0.96
1590853908.94,0.97
1590853908.96,0.97
1590853908.98,0.97
1590853909.01,0.96
1590853909.03,0.96
1590853909.05,0.96
1590853909.07,0.96
1590853909.1,0.97
1590853909.12,0.97
1590853909.14,0.97
1590853909.16,0.97
1590853909.19,0.97
1590853909.21,0.97
1590853909.23,0.97
1590853909.25,0.97
1590853909.27,0.97
1590853909.3,0.97
1590853909.32,0.97
1590853909.34,0.97
1590853909.36,0.97
1590853909.38,0.97
1590853909.41,0.98
1590853909.43,0.98
1590853909.45,0.97
1590853909.47,0.98
1590853909.49,0.98
1590853909.52,0.99
1590853909.54,0.98
1590853909.56,0.98
1590853909.58,0.99
1590853909.6,0.99
1590853909.63,0.98
1590853909.65,0.98
1590853909.67,0.98
1590853909.69,0.98
1590853909.72,0.99
1590853909.74,0.98
1590853909.76,0.98
1590853909.78,0.98
1590853909.8,0.98
1590853909.83,0.98
1590853909.85,0.98
1590853909.87,0.99
1590853909.89,0.99
1590853909.91,0.99
1590853909.94,0.99
1590853909.96,0.99
1590853909.98,0.98
1590853910.0,0.98
1590853910.03,0.99
1590853910.05,0.97
1590853910.07,0.98
1590853910.09,0.98
1590853910.12,0.99
1590853910.14,0.98
1590853910.16,0.98
1590853910.18,0.97
1590853910.21,0.98
1590853910.23,0.98
1590853910.25,0.99
1590853910.27,0.99
1590853910.29,0.99
1590853910.32,0.99
1590853910.34,0.98
1590853910.36,0.98
1590853910.38,0.99
1590853910.4,0.98
1590853910.43,0.99
1590853910.45,0.98
1590853910.47,0.98
1590853910.49,0.99
1590853910.51,0.98
1590853910.54,0.99
1590853910.56,0.99
1590853910.58,0.99
1590853910.6,0.99
1590853910.62,0.99
1590853910.65,0.99
1590853910.67,0.99
1590853910.69,0.98
1590853910.71,1.00
1590853910.73,0.99
1590853910.76,0.99
1590853910.78,0.99
1590853910.8,1.00
1590853910.82,0.99
1590853910.84,0.99
1590853910.87,0.98
1590853910.89,0.99
1590853910.91,0.98
1590853910.93,0.97
1590853910.96,0.98
1590853910.98,0.99
1590853911.0,0.99
1590853911.02,0.98
1590853911.04,0.98
1590853911.07,0.98
1590853911.09,0.99
1590853911.11,1.00
1590853911.14,0.99
1590853911.16,0.99
1590853911.18,0.99
1590853911.2,0.99
1590853911.22,1.00
1590853911.25,0.99
1590853911.27,0.99
1590853911.29,0.99
1590853911.31,0.99
1590853911.34,0.98
1590853911.36,1.00
1590853911.38,0.98
1590853911.4,0.99
1590853911.42,0.98
1590853911.45,0.99
1590853911.47,0.98
1590853911.49,0.99
1590853911.51,0.98
1590853911.53,0.99
1590853911.56,0.99
1590853911.58,0.99
1590853911.6,0.98
1590853911.62,0.98
1590853911.64,0.99
1590853911.67,0.99
1590853911.69,0.99
1590853911.71,0.99
1590853911.73,0.99
1590853911.75,0.99
1590853911.78,0.99
1590853911.8,0.99
1590853911.82,0.98
1590853911.84,0.99
1590853911.86,0.99
1590853911.89,0.99
1590853911.91,0.98
1590853911.93,0.99
1590853911.95,0.99
1590853911.97,0.98
1590853912.0,0.99
1590853912.02,0.98
1590853912.04,0.99
1590853912.06,0.99
1590853912.09,0.98
1590853912.11,0.99
1590853912.13,0.98
1590853912.15,0.98
1590853912.18,0.99
1590853912.2,1.00
1590853912.22,0.99
1590853912.24,0.99
1590853912.27,0.98
1590853912.29,0.98
1590853912.31,0.99
1590853912.33,0.99
1590853912.35,0.98
1590853912.38,0.99
1590853912.4,0.98
1590853912.42,0.98
1590853912.44,0.98
1590853912.46,0.99
1590853912.49,0.99
1590853912.51,0.98
1590853912.53,0.98
1590853912.55,0.98
1590853912.57,0.98
1590853912.6,0.99
1590853912.62,0.99
1590853912.64,0.98
1590853912.66,0.99
1590853912.69,0.99
1590853912.71,0.98
1590853912.73,0.98
1590853912.75,0.98
1590853912.77,0.98
1590853912.8,0.98
1590853912.82,0.98
1590853912.84,0.99
1590853912.86,0.99
1590853912.88,0.99
1590853912.91,0.99
1590853912.93,0.98
1590853912.95,0.97
1590853912.97,0.99
1590853912.99,0.99
1590853913.02,0.99
1590853913.04,0.99
1590853913.06,0.98
1590853913.08,0.98
1590853913.11,0.99
1590853913.13,0.99
1590853913.15,0.99
1590853913.17,0.98
1590853913.2,0.98
1590853913.22,0.98
1590853913.24,0.98
1590853913.26,0.98
1590853913.29,0.99
1590853913.31,0.98
1590853913.33,0.98
1590853913.35,0.98
1590853913.37,0.98
1590853913.4,0.99
1590853913.42,0.99
1590853913.44,0.98
1590853913.46,0.99
1590853913.48,0.97
1590853913.51,0.97
1590853913.53,0.98
1590853913.55,0.98
1590853913.57,0.98
1590853913.59,0.98
1590853913.62,0.99
1590853913.64,0.98
1590853913.66,0.97
1590853913.68,0.99
1590853913.7,0.98
1590853913.73,0.97
1590853913.75,0.98
1590853913.77,0.97
1590853913.79,0.99
1590853913.81,0.98
1590853913.84,0.99
1590853913.86,1.00
1590853913.88,0.98
1590853913.9,0.98
1590853913.93,0.98
1590853913.95,0.99
1590853913.97,0.99
1590853913.99,0.99
1590853914.01,0.98
1590853914.04,0.98
1590853914.06,0.98
1590853914.08,0.99
1590853914.1,0.99
1590853914.13,0.98
1590853914.15,0.99
1590853914.17,0.98
1590853914.19,0.98
1590853914.22,0.98
1590853914.24,0.99
1590853914.26,0.98
1590853914.28,0.99
1590853914.31,0.99
1590853914.33,0.99
1590853914.35,0.99
1590853914.37,0.99
1590853914.39,0.98
1590853914.42,0.98
1590853914.44,0.98
1590853914.46,0.98
1590853914.48,0.99
1590853914.5,0.99
1590853914.53,0.98
1590853914.55,0.98
1590853914.57,0.99
1590853914.59,0.98
1590853914.61,0.99
1590853914.64,0.99
1590853914.66,0.99
1590853914.68,0.99
1590853914.7,0.98
1590853914.72,0.99
1590853914.75,1.00
1590853914.77,0.99
1590853914.79,0.99
1590853914.81,0.99
1590853914.83,0.98
1590853914.86,0.99
1590853914.88,0.99
1590853914.9,1.00
1590853914.92,0.99
1590853914.94,0.99
1590853914.97,0.98
1590853914.99,0.99
1590853915.01,0.99
1590853915.03,0.99
1590853915.05,0.99
1590853915.08,0.98
1590853915.1,0.97
1590853915.12,0.98
1590853915.14,0.99
1590853915.17,0.99
1590853915.19,0.99
1590853915.21,0.99
1590853915.23,0.99
1590853915.26,0.99
1590853915.28,0.99
1590853915.3,1.00
1590853915.32,1.00
1590853915.35,0.99
1590853915.37,0.99
1590853915.39,0.98
1590853915.41,0.99
1590853915.43,0.99
1590853915.46,0.99
1590853915.48,0.97
1590853915.5,0.98
1590853915.52,1.00
1590853915.55,1.03
1590853915.57,1.02
1590853915.59,0.90
1590853915.61,0.90
1590853915.63,0.91
1590853915.66,0.86
1590853915.68,0.81
1590853915.7,0.78
1590853915.72,0.75
1590853915.74,0.73
1590853915.77,0.70
1590853915.79,0.65
1590853915.81,0.63
1590853915.83,0.59
1590853915.85,0.56
1590853915.88,0.54
1590853915.9,0.53
1590853915.92,0.51
1590853915.94,0.51
1590853915.96,0.49
1590853915.99,0.50
1590853916.01,0.50
1590853916.03,0.51
1590853916.05,0.50
1590853916.07,0.48
1590853916.1,0.47
1590853916.12,0.47
1590853916.14,0.48
1590853916.16,0.47
1590853916.19,0.47
1590853916.21,0.47
1590853916.23,0.47
1590853916.25,0.47
1590853916.28,0.47
1590853916.3,0.47
1590853916.32,0.47
1590853916.34,0.48
1590853916.37,0.48
1590853916.39,0.49
1590853916.41,0.49
1590853916.43,0.50
1590853916.45,0.50
1590853916.48,0.51
1590853916.5,0.50
1590853916.52,0.51
1590853916.54,0.51
1590853916.57,0.52
1590853916.59,0.52
1590853916.61,0.52
1590853916.63,0.52
1590853916.65,0.52
1590853916.68,0.53
1590853916.7,0.53
1590853916.72,0.52
1590853916.74,0.51
1590853916.76,0.50
1590853916.79,0.50
1590853916.81,0.51
1590853916.83,0.51
1590853916.85,0.50
1590853916.87,0.51
1590853916.9,0.51
1590853916.92,0.51
1590853916.94,0.52
1590853916.96,0.51
1590853916.98,0.51
1590853917.01,0.51
1590853917.03,0.51
1590853917.05,0.51
1590853917.07,0.51
1590853917.09,0.51
1590853917.12,0.51
1590853917.14,0.50
1590853917.16,0.51
1590853917.18,0.51
1590853917.21,0.51
1590853917.23,0.51
1590853917.25,0.51
1590853917.27,0.51
1590853917.3,0.51
1590853917.32,0.50
1590853917.34,0.51
1590853917.36,0.50
1590853917.39,0.51
1590853917.41,0.51
1590853917.43,0.51
1590853917.45,0.51
1590853917.48,0.51
1590853917.5,0.52
1590853917.52,0.52
1590853917.54,0.52
1590853917.56,0.52
1590853917.59,0.51
1590853917.61,0.53
1590853917.63,0.52
1590853917.65,0.52
1590853917.67,0.51
1590853917.7,0.51
1590853917.72,0.53
1590853917.74,0.52
1590853917.76,0.52
1590853917.78,0.51
1590853917.81,0.51
1590853917.83,0.51
1590853917.85,0.51
1590853917.87,0.51
1590853917.89,0.51
1590853917.92,0.52
1590853917.94,0.52
1590853917.96,0.52
1590853917.98,0.52
1590853918.0,0.52
1590853918.03,0.51
1590853918.05,0.51
1590853918.07,0.51
1590853918.09,0.52
1590853918.12,0.52
1590853918.14,0.52
1590853918.16,0.51
1590853918.18,0.52
1590853918.2,0.51
1590853918.23,0.52
1590853918.25,0.52
1590853918.27,0.52
1590853918.29,0.52
1590853918.31,0.52
1590853918.34,0.52
1590853918.36,0.52
1590853918.38,0.52
1590853918.41,0.52
1590853918.43,0.52
1590853918.45,0.53
1590853918.47,0.53
1590853918.5,0.52
1590853918.52,0.52
1590853918.54,0.52
1590853918.56,0.52
1590853918.58,0.52
1590853918.61,0.53
1590853918.63,0.52
1590853918.65,0.51
1590853918.67,0.52
1590853918.69,0.51
1590853918.72,0.52
1590853918.74,0.52
1590853918.76,0.52
1590853918.78,0.53
1590853918.8,0.52
1590853918.83,0.51
1590853918.85,0.53
1590853918.87,0.52
1590853918.89,0.53
1590853918.92,0.52
1590853918.94,0.52
1590853918.96,0.52
1590853918.98,0.52
1590853919.0,0.53
1590853919.03,0.52
1590853919.05,0.52
1590853919.07,0.51
1590853919.09,0.50
1590853919.11,0.50
1590853919.14,0.51
1590853919.16,0.52
1590853919.18,0.51
1590853919.2,0.51
1590853919.22,0.51
1590853919.25,0.51
1590853919.27,0.51
1590853919.29,0.51
1590853919.31,0.51
1590853919.33,0.51
1590853919.36,0.51
1590853919.38,0.51
1590853919.4,0.51
1590853919.42,0.51
1590853919.45,0.51
1590853919.47,0.51
1590853919.49,0.51
1590853919.51,0.51
1590853919.54,0.50
1590853919.56,0.50
1590853919.58,0.50
1590853919.6,0.50
1590853919.63,0.50
1590853919.65,0.51
1590853919.67,0.51
1590853919.69,0.51
1590853919.71,0.51
1590853919.74,0.51
1590853919.76,0.51
1590853919.78,0.50
1590853919.8,0.51
1590853919.83,0.51
1590853919.85,0.51
1590853919.87,0.50
1590853919.89,0.51
1590853919.91,0.51
1590853919.94,0.52
1590853919.96,0.51
1590853919.98,0.50
1590853920.0,0.50
1590853920.02,0.50
1590853920.05,0.51
1590853920.07,0.50
1590853920.09,0.50
1590853920.11,0.51
1590853920.13,0.50
1590853920.16,0.50
1590853920.18,0.50
1590853920.2,0.51
1590853920.22,0.50
1590853920.24,0.51
1590853920.27,0.51
1590853920.29,0.51
1590853920.31,0.50
1590853920.33,0.50
1590853920.35,0.51
1590853920.38,0.51
1590853920.4,0.51
1590853920.42,0.51
1590853920.44,0.52
1590853920.47,0.50
1590853920.49,0.50
1590853920.51,0.50
1590853920.53,0.50
1590853920.56,0.50
1590853920.58,0.50
1590853920.6,0.50
1590853920.62,0.50
1590853920.65,0.50
1590853920.67,0.50
1590853920.69,0.50
1590853920.71,0.50
1590853920.73,0.50
1590853920.76,0.50
1590853920.78,0.50
1590853920.8,0.50
1590853920.82,0.50
1590853920.85,0.50
1590853920.87,0.51
1590853920.89,0.50
1590853920.91,0.51
1590853920.93,0.51
1590853920.96,0.50
1590853920.98,0.50
1590853921.0,0.50
1590853921.02,0.51
1590853921.04,0.50
1590853921.07,0.50
1590853921.09,0.51
1590853921.11,0.50
1590853921.13,0.50
1590853921.15,0.50
1590853921.18,0.50
1590853921.2,0.50
1590853921.22,0.50
1590853921.24,0.50
1590853921.26,0.50
1590853921.29,0.50
1590853921.31,0.50
1590853921.33,0.51
1590853921.35,0.50
1590853921.37,0.51
1590853921.4,0.51
1590853921.42,0.50
1590853921.44,0.49
1590853921.46,0.51
1590853921.49,0.51
1590853921.51,0.50
1590853921.53,0.50
1590853921.55,0.50
1590853921.58,0.50
1590853921.6,0.50
1590853921.62,0.50
1590853921.64,0.51
1590853921.67,0.50
1590853921.69,0.50
1590853921.71,0.50
1590853921.73,0.50
1590853921.76,0.50
1590853921.78,0.51
1590853921.8,0.50
1590853921.82,0.50
1590853921.84,0.51
1590853921.87,0.51
1590853921.89,0.50
1590853921.91,0.49
1590853921.93,0.50
1590853921.95,0.50
1590853921.98,0.50
1590853922.0,0.50
1590853922.02,0.50
1590853922.04,0.49
1590853922.06,0.49
1590853922.09,0.50
1590853922.11,0.50
1590853922.13,0.50
1590853922.15,0.50
1590853922.17,0.50
1590853922.2,0.50
1590853922.22,0.49
1590853922.24,0.50
1590853922.26,0.50
1590853922.28,0.50
1590853922.31,0.50
1590853922.33,0.50
1590853922.35,0.50
1590853922.37,0.50
1590853922.4,0.50
1590853922.42,0.50
1590853922.44,0.50
1590853922.46,0.49
1590853922.48,0.50
1590853922.51,0.50
1590853922.53,0.50
1590853922.55,0.50
1590853922.57,0.49
1590853922.6,0.49
1590853922.62,0.50
1590853922.64,0.50
1590853922.66,0.50
1590853922.69,0.50
1590853922.71,0.50
1590853922.73,0.49
1590853922.75,0.49
1590853922.78,0.50
1590853922.8,0.50
1590853922.82,0.50
1590853922.84,0.50
1590853922.86,0.50
1590853922.89,0.50
1590853922.91,0.51
1590853922.93,0.50
1590853922.95,0.50
1590853922.97,0.50
1590853923.0,0.50
1590853923.02,0.50
1590853923.04,0.51
1590853923.06,0.50
1590853923.08,0.50
1590853923.11,0.49
1590853923.13,0.49
1590853923.15,0.49
1590853923.17,0.49
1590853923.19,0.49
1590853923.22,0.50
1590853923.24,0.50
1590853923.26,0.50
1590853923.28,0.50
1590853923.3,0.50
1590853923.33,0.50
1590853923.35,0.49
1590853923.37,0.49
1590853923.39,0.50
1590853923.41,0.50
1590853923.44,0.50
1590853923.46,0.51
1590853923.48,0.50
1590853923.5,0.50
1590853923.53,0.49
1590853923.55,0.49
1590853923.57,0.49
1590853923.59,0.50
1590853923.61,0.50
1590853923.64,0.49
1590853923.66,0.50
1590853923.68,0.50
1590853923.71,0.50
1590853923.73,0.51
1590853923.75,0.51
1590853923.77,0.50
1590853923.79,0.49
1590853923.82,0.49
1590853923.84,0.50
1590853923.86,0.50
1590853923.88,0.51
1590853923.91,0.50
1590853923.93,0.50
1590853923.95,0.49
1590853923.97,0.50
1590853923.99,0.50
1590853924.02,0.51
1590853924.04,0.50
1590853924.06,0.49
1590853924.08,0.49
1590853924.1,0.50
1590853924.13,0.49
1590853924.15,0.50
1590853924.17,0.50
1590853924.19,0.51
1590853924.21,0.51
1590853924.24,0.50
1590853924.26,0.50
1590853924.28,0.50
1590853924.3,0.50
1590853924.32,0.50
1590853924.35,0.50
1590853924.37,0.50
1590853924.39,0.50
1590853924.41,0.49
1590853924.43,0.49
1590853924.46,0.50
1590853924.48,0.50
1590853924.5,0.50
1590853924.52,0.50
1590853924.55,0.50
1590853924.57,0.49
1590853924.59,0.49
1590853924.61,0.50
1590853924.63,0.50
1590853924.66,0.50
1590853924.68,0.49
1590853924.7,0.49
1590853924.72,0.49
1590853924.75,0.49
1590853924.77,0.50
1590853924.79,0.50
1590853924.81,0.50
1590853924.84,0.50
1590853924.86,0.49
1590853924.88,0.49
1590853924.9,0.50
1590853924.93,0.50
1590853924.95,0.50
1590853924.97,0.49
1590853924.99,0.50
1590853925.01,0.50
1590853925.04,0.50
1590853925.06,0.50
1590853925.08,0.49
1590853925.1,0.50
1590853925.12,0.50
1590853925.15,0.49
1590853925.17,0.50
1590853925.19,0.49
1590853925.21,0.49
1590853925.23,0.49
1590853925.26,0.50
1590853925.28,0.49
1590853925.3,0.49
1590853925.32,0.47
1590853925.34,0.46
1590853925.37,0.45
1590853925.39,0.44
1590853925.41,0.46
1590853925.43,0.48
1590853925.46,0.50
1590853925.48,0.53
1590853925.5,0.58
1590853925.52,0.63
1590853925.54,0.68
1590853925.57,0.71
1590853925.59,0.74
1590853925.61,0.77
1590853925.63,0.81
1590853925.65,0.84
1590853925.68,0.86
1590853925.7,0.88
1590853925.72,0.90
1590853925.74,0.92
1590853925.77,0.96
1590853925.79,0.97
1590853925.81,0.97
1590853925.83,0.97
1590853925.86,0.99
1590853925.88,0.98
1590853925.9,0.99
1590853925.92,0.99
1590853925.95,0.98
1590853925.97,0.97
1590853925.99,0.97
1590853926.01,0.96
1590853926.03,0.97
1590853926.06,0.97
1590853926.08,0.98
1590853926.1,0.98
1590853926.12,1.00
1590853926.14,1.00
1590853926.17,0.99
1590853926.19,0.99
1590853926.21,0.98
1590853926.23,0.99
1590853926.25,0.99
1590853926.28,0.99
1590853926.3,0.98
1590853926.32,0.99
1590853926.34,1.00
1590853926.36,1.00
1590853926.39,0.99
1590853926.41,1.00
1590853926.43,1.00
1590853926.45,1.00
1590853926.47,1.00
1590853926.5,1.00
1590853926.52,1.00
1590853926.54,1.01
1590853926.56,1.00
1590853926.58,1.00
1590853926.61,1.00
1590853926.63,1.01
1590853926.65,1.01
1590853926.67,1.01
1590853926.7,1.00
1590853926.72,1.00
1590853926.74,1.00
1590853926.76,1.00
1590853926.78,1.00
1590853926.81,1.00
1590853926.83,1.00
1590853926.85,1.00
1590853926.88,1.00
1590853926.9,1.00
1590853926.92,1.00
1590853926.94,1.00
1590853926.96,1.01
1590853926.99,1.00
1590853927.01,1.00
1590853927.03,1.00
1590853927.05,1.00
1590853927.08,1.00
1590853927.1,1.00
1590853927.12,1.00
1590853927.14,1.00
1590853927.16,1.00
1590853927.19,0.99
1590853927.21,1.00
1590853927.23,0.99
1590853927.25,1.00
1590853927.27,1.00
1590853927.3,1.00
1590853927.32,1.00
1590853927.34,1.00
1590853927.36,0.99
1590853927.38,0.99
1590853927.41,0.99
1590853927.43,1.00
1590853927.45,1.00
1590853927.47,0.99
1590853927.49,0.99
1590853927.52,0.99
1590853927.54,0.99
1590853927.56,0.99
1590853927.58,0.99
1590853927.6,0.99
1590853927.63,0.99
1590853927.65,1.00
1590853927.67,0.99
1590853927.69,0.99
1590853927.71,1.00
1590853927.74,1.00
1590853927.76,1.00
1590853927.78,1.00
1590853927.8,0.99
1590853927.83,1.00
1590853927.85,0.99
1590853927.87,0.99
1590853927.9,1.00
1590853927.92,0.98
1590853927.94,0.99
1590853927.96,1.00
1590853927.98,0.98
1590853928.01,0.98
1590853928.03,0.99
1590853928.05,0.99
1590853928.07,1.00
1590853928.09,0.99
1590853928.12,0.99
1590853928.14,0.98
1590853928.16,1.00
1590853928.18,0.99
1590853928.2,0.99
1590853928.23,0.99
1590853928.25,0.99
1590853928.27,0.99
1590853928.29,0.99
1590853928.31,0.99
1590853928.34,0.99
1590853928.36,0.99
1590853928.38,1.00
1590853928.4,0.99
1590853928.43,0.99
1590853928.45,0.99
1590853928.47,0.99
1590853928.49,0.99
1590853928.51,0.98
1590853928.54,0.98
1590853928.56,0.98
1590853928.58,0.99
1590853928.6,0.99
1590853928.62,0.99
1590853928.65,1.00
1590853928.67,0.99
1590853928.69,0.99
1590853928.71,0.99
1590853928.73,0.98
1590853928.76,0.98
1590853928.78,0.98
1590853928.8,1.00
1590853928.82,1.00
1590853928.85,1.00
1590853928.87,1.00
1590853928.89,0.99
1590853928.91,0.98
1590853928.94,0.98
1590853928.96,0.99
1590853928.98,1.00
1590853929.0,0.99
1590853929.03,0.99
1590853929.05,0.99
1590853929.07,0.98
1590853929.09,0.99
1590853929.11,1.00
1590853929.14,1.00
1590853929.16,1.01
1590853929.18,0.99
1590853929.2,1.00
1590853929.22,1.00
1590853929.25,1.00
1590853929.27,1.00
1590853929.29,1.00
1590853929.31,0.99
1590853929.33,1.00
1590853929.36,1.01
1590853929.38,1.00
1590853929.4,1.00
1590853929.42,1.01
1590853929.44,1.00
1590853929.47,1.00
1590853929.49,1.00
1590853929.51,1.00
1590853929.53,1.00
1590853929.55,1.00
1590853929.58,1.01
1590853929.6,1.00
1590853929.62,1.01
1590853929.64,1.01
1590853929.67,0.99
1590853929.69,1.00
1590853929.71,1.00
1590853929.73,1.00
1590853929.75,1.01
1590853929.78,1.00
1590853929.8,1.00
1590853929.82,1.00
1590853929.84,0.99
1590853929.87,1.00
1590853929.89,1.00
1590853929.91,1.01
1590853929.93,1.01
1590853929.96,1.00
1590853929.98,1.01
1590853930.0,1.00
1590853930.02,1.00
1590853930.04,1.00
1590853930.07,1.00
1590853930.09,1.00
1590853930.11,1.00
1590853930.13,0.99
1590853930.16,0.99
1590853930.18,1.00
1590853930.2,1.00
1590853930.22,1.01
1590853930.24,1.00
1590853930.27,0.99
1590853930.29,1.00
1590853930.31,1.00
1590853930.33,1.00
1590853930.35,1.00
1590853930.38,1.00
1590853930.4,1.00
1590853930.42,1.00
1590853930.44,1.00
1590853930.46,1.00
1590853930.49,0.99
1590853930.51,1.00
1590853930.53,1.00
1590853930.55,0.99
1590853930.57,1.00
1590853930.6,1.00
1590853930.62,1.00
1590853930.64,1.00
1590853930.66,1.00
1590853930.68,1.00
1590853930.71,1.00
1590853930.73,1.00
1590853930.75,1.00
1590853930.77,1.00
1590853930.79,1.00
1590853930.82,1.00
1590853930.84,1.00
1590853930.86,1.01
1590853930.88,1.00
1590853930.91,0.99
1590853930.93,0.99
1590853930.95,0.99
1590853930.98,0.99
1590853931.0,1.00
1590853931.02,0.99
1590853931.04,1.00
1590853931.06,1.00
1590853931.09,1.00
1590853931.11,1.00
1590853931.13,1.00
1590853931.15,1.00
1590853931.17,0.99
1590853931.2,1.00
1590853931.22,0.99
1590853931.24,0.99
1590853931.26,0.99
1590853931.28,1.00
1590853931.31,1.00
1590853931.33,0.99
1590853931.35,0.99
1590853931.37,0.98
1590853931.39,1.00
1590853931.42,0.99
1590853931.44,0.99
1590853931.46,0.99
1590853931.48,1.00
1590853931.51,0.99
1590853931.53,0.99
1590853931.55,1.00
1590853931.57,1.00
1590853931.59,0.99
1590853931.62,0.99
1590853931.64,1.00
1590853931.66,1.00
1590853931.68,0.99
1590853931.7,0.99
1590853931.73,0.99
1590853931.75,0.98
1590853931.77,0.99
1590853931.79,0.99
1590853931.81,1.00
1590853931.84,0.99
1590853931.86,0.99
1590853931.88,0.99
1590853931.9,0.98
1590853931.93,0.99
1590853931.95,0.99
1590853931.97,1.01
1590853931.99,1.00
1590853932.02,1.00
1590853932.04,0.99
1590853932.06,0.98
1590853932.08,0.99
1590853932.11,0.99
1590853932.13,0.99
1590853932.15,0.99
1590853932.17,0.99
1590853932.19,0.99
1590853932.22,1.00
1590853932.24,1.00
1590853932.26,1.02
1590853932.28,0.99
1590853932.3,0.99
1590853932.33,0.99
1590853932.35,1.00
1590853932.37,0.99
1590853932.39,0.99
1590853932.41,0.99
1590853932.44,0.99
1590853932.46,0.99
1590853932.48,1.00
1590853932.5,0.99
1590853932.52,0.98
1590853932.55,0.99
1590853932.57,0.99
1590853932.59,1.00
1590853932.61,0.99
1590853932.63,1.00
1590853932.66,0.99
1590853932.68,1.00
1590853932.7,0.99
1590853932.72,1.00
1590853932.75,0.99
1590853932.77,1.00
1590853932.79,0.99
1590853932.81,0.99
1590853932.83,0.99
1590853932.86,0.99
1590853932.88,1.00
1590853932.9,1.00
1590853932.92,1.00
1590853932.95,0.99
1590853932.97,0.99
1590853932.99,0.99
1590853933.01,0.99
1590853933.04,0.99
1590853933.06,0.99
1590853933.08,0.99
1590853933.1,0.99
1590853933.12,0.99
1590853933.15,0.99
1590853933.17,1.00
1590853933.19,0.99
1590853933.21,0.99
1590853933.24,0.99
1590853933.26,0.99
1590853933.28,0.99
1590853933.3,0.99
1590853933.32,0.99
1590853933.35,1.00
1590853933.37,1.00
1590853933.39,0.99
1590853933.41,0.99
1590853933.43,0.99
1590853933.46,0.98
1590853933.48,1.00
1590853933.5,0.99
1590853933.52,0.99
1590853933.54,0.99
1590853933.57,1.00
1590853933.59,0.99
1590853933.61,0.99
1590853933.63,0.99
1590853933.65,0.98
1590853933.68,1.00
1590853933.7,0.98
1590853933.72,0.98
1590853933.74,0.99
1590853933.76,0.99
1590853933.79,1.00
1590853933.81,1.00
1590853933.83,1.00
1590853933.85,0.99
1590853933.87,0.98
1590853933.9,0.98
1590853933.92,1.00
1590853933.94,0.99
1590853933.97,0.99
1590853933.99,0.99
1590853934.01,0.98
1590853934.03,1.00
1590853934.06,0.99
1590853934.08,0.99
1590853934.1,0.99
1590853934.12,0.98
1590853934.14,0.99
1590853934.17,1.00
1590853934.19,0.99
1590853934.21,1.00
1590853934.23,0.99
1590853934.25,1.00
1590853934.28,1.00
1590853934.3,1.00
1590853934.32,1.00
1590853934.34,1.00
1590853934.36,1.00
1590853934.39,0.99
1590853934.41,1.00
1590853934.43,1.00
1590853934.45,1.00
1590853934.48,0.99
1590853934.5,0.99
1590853934.52,0.98
1590853934.54,0.99
1590853934.56,1.00
1590853934.59,1.00
1590853934.61,1.00
1590853934.63,0.99
1590853934.65,1.00
1590853934.67,0.99
1590853934.7,1.00
1590853934.72,1.00
1590853934.74,1.00
1590853934.76,0.99
1590853934.78,0.99
1590853934.81,1.00
1590853934.83,1.00
1590853934.85,0.99
1590853934.87,0.98
1590853934.89,0.98
1590853934.92,0.99
1590853934.94,0.99
1590853934.96,1.00
1590853934.98,1.00
1590853935.01,0.99
1590853935.03,1.00
1590853935.05,1.00
1590853935.07,0.99
1590853935.1,0.99
1590853935.12,1.00
1590853935.14,1.00
1590853935.16,1.00
1590853935.19,0.99
1590853935.21,1.00
1590853935.23,0.99
1590853935.25,1.01
1590853935.27,1.01
1590853935.3,0.99
1590853935.32,1.00
1590853935.34,1.00
1590853935.36,0.99
1590853935.38,1.00
1590853935.41,0.99
1590853935.43,1.00
1590853935.45,1.00
1590853935.47,1.00
1590853935.49,1.00
1590853935.52,1.00
1590853935.54,0.99
1590853935.56,0.99
1590853935.58,0.99
1590853935.6,1.00
1590853935.63,0.96
1590853935.65,0.95
1590853935.67,0.98
1590853935.69,0.93
1590853935.71,0.87
1590853935.74,0.87
1590853935.76,0.84
1590853935.78,0.79
1590853935.8,0.72
1590853935.83,0.68
1590853935.85,0.66
1590853935.87,0.57
1590853935.89,0.51
1590853935.91,0.47
1590853935.94,0.44
1590853935.96,0.44
1590853935.98,0.41
1590853936.0,0.42
1590853936.03,0.42
1590853936.05,0.40
1590853936.07,0.39
1590853936.09,0.38
1590853936.12,0.37
1590853936.14,0.37
1590853936.16,0.37
1590853936.18,0.37
1590853936.21,0.38
1590853936.23,0.39
1590853936.25,0.40
1590853936.27,0.40
1590853936.29,0.39
1590853936.32,0.41
1590853936.34,0.40
1590853936.36,0.41
1590853936.38,0.41
1590853936.4,0.41
1590853936.43,0.42
1590853936.45,0.44
1590853936.47,0.46
1590853936.49,0.48
1590853936.51,0.50
1590853936.54,0.51
1590853936.56,0.52
1590853936.58,0.53
1590853936.6,0.54
1590853936.62,0.54
1590853936.65,0.54
1590853936.67,0.54
1590853936.69,0.54
1590853936.71,0.53
1590853936.73,0.52
1590853936.76,0.52
1590853936.78,0.51
1590853936.8,0.51
1590853936.82,0.52
1590853936.85,0.50
1590853936.87,0.51
1590853936.89,0.52
1590853936.91,0.51
1590853936.93,0.49
1590853936.96,0.49
1590853936.98,0.48
1590853937.0,0.48
1590853937.02,0.48
1590853937.05,0.48
1590853937.07,0.49
1590853937.09,0.49
1590853937.11,0.49
1590853937.14,0.48
1590853937.16,0.48
1590853937.18,0.48
1590853937.2,0.49
1590853937.23,0.50
1590853937.25,0.49
1590853937.27,0.50
1590853937.29,0.48
1590853937.31,0.48
1590853937.34,0.49
1590853937.36,0.50
1590853937.38,0.49
1590853937.4,0.51
1590853937.42,0.50
1590853937.45,0.51
1590853937.47,0.51
1590853937.49,0.50
1590853937.51,0.50
1590853937.53,0.50
1590853937.56,0.49
1590853937.58,0.50
1590853937.6,0.50
1590853937.62,0.50
1590853937.64,0.50
1590853937.67,0.50
1590853937.69,0.50
1590853937.71,0.50
1590853937.73,0.49
1590853937.76,0.49
1590853937.78,0.49
1590853937.8,0.50
1590853937.82,0.50
1590853937.84,0.51
1590853937.87,0.51
1590853937.89,0.50
1590853937.91,0.50
1590853937.93,0.51
1590853937.95,0.51
1590853937.98,0.50
1590853938.0,0.50
1590853938.02,0.50
1590853938.04,0.50
1590853938.06,0.50
1590853938.09,0.49
1590853938.11,0.50
1590853938.13,0.50
1590853938.16,0.49
1590853938.18,0.49
1590853938.2,0.50
1590853938.22,0.50
1590853938.25,0.50
1590853938.27,0.50
1590853938.29,0.51
1590853938.31,0.51
1590853938.33,0.51
1590853938.36,0.50
1590853938.38,0.50
1590853938.4,0.49
1590853938.42,0.49
1590853938.44,0.50
1590853938.47,0.50
1590853938.49,0.50
1590853938.51,0.50
1590853938.53,0.49
1590853938.55,0.49
1590853938.58,0.49
1590853938.6,0.49
1590853938.62,0.49
1590853938.64,0.50
1590853938.67,0.50
1590853938.69,0.50
1590853938.71,0.50
1590853938.73,0.51
1590853938.75,0.51
1590853938.78,0.51
1590853938.8,0.51
1590853938.82,0.50
1590853938.84,0.50
1590853938.86,0.50
1590853938.89,0.50
1590853938.91,0.50
1590853938.93,0.49
1590853938.95,0.49
1590853938.97,0.50
1590853939.0,0.50
1590853939.02,0.51
1590853939.04,0.50
1590853939.06,0.50
1590853939.08,0.50
1590853939.11,0.50
1590853939.13,0.50
1590853939.15,0.51
1590853939.17,0.50
1590853939.2,0.50
1590853939.22,0.50
1590853939.24,0.49
1590853939.27,0.50
1590853939.29,0.50
1590853939.31,0.51
1590853939.33,0.50
1590853939.35,0.49
1590853939.38,0.49
1590853939.4,0.49
1590853939.42,0.50
1590853939.44,0.50
1590853939.46,0.49
1590853939.49,0.50
1590853939.51,0.50
1590853939.53,0.51
1590853939.55,0.49
1590853939.57,0.50
1590853939.6,0.49
1590853939.62,0.49
1590853939.64,0.50
1590853939.66,0.50
1590853939.69,0.49
1590853939.71,0.50
1590853939.73,0.49
1590853939.75,0.50
1590853939.77,0.51
1590853939.8,0.50
1590853939.82,0.50
1590853939.84,0.49
1590853939.86,0.49
1590853939.88,0.49
1590853939.91,0.50
1590853939.93,0.50
1590853939.95,0.50
1590853939.97,0.50
1590853939.99,0.49
1590853940.02,0.50
1590853940.04,0.50
1590853940.06,0.51
1590853940.08,0.50
1590853940.1,0.49
1590853940.13,0.49
1590853940.15,0.50
1590853940.17,0.49
1590853940.19,0.50
1590853940.22,0.49
1590853940.24,0.49
1590853940.26,0.50
1590853940.28,0.49
1590853940.31,0.51
1590853940.33,0.51
1590853940.35,0.51
1590853940.37,0.50
1590853940.4,0.49
1590853940.42,0.49
1590853940.44,0.49
1590853940.46,0.49
1590853940.48,0.50
1590853940.51,0.49
1590853940.53,0.50
1590853940.55,0.50
1590853940.57,0.49
1590853940.6,0.50
1590853940.62,0.50
1590853940.64,0.49
1590853940.66,0.49
1590853940.68,0.49
1590853940.71,0.49
1590853940.73,0.50
1590853940.75,0.50
1590853940.77,0.49
1590853940.79,0.50
1590853940.82,0.49
1590853940.84,0.49
1590853940.86,0.50
1590853940.88,0.49
1590853940.9,0.50
1590853940.93,0.50
1590853940.95,0.49
1590853940.97,0.50
1590853940.99,0.50
1590853941.01,0.50
1590853941.04,0.49
1590853941.06,0.50
1590853941.08,0.49
1590853941.1,0.50
1590853941.12,0.49
1590853941.15,0.49
1590853941.17,0.50
1590853941.19,0.50
1590853941.21,0.50
1590853941.24,0.49
1590853941.26,0.50
1590853941.28,0.50
1590853941.3,0.50
1590853941.33,0.50
1590853941.35,0.50
1590853941.37,0.50
1590853941.39,0.51
1590853941.42,0.50
1590853941.44,0.50
1590853941.46,0.50
1590853941.48,0.50
1590853941.5,0.50
1590853941.53,0.50
1590853941.55,0.49
1590853941.57,0.50
1590853941.59,0.51
1590853941.62,0.49
1590853941.64,0.49
1590853941.66,0.49
1590853941.68,0.50
1590853941.7,0.49
1590853941.73,0.50
1590853941.75,0.49
1590853941.77,0.49
1590853941.79,0.50
1590853941.81,0.50
1590853941.84,0.50
1590853941.86,0.50
1590853941.88,0.51
1590853941.9,0.51
1590853941.92,0.51
1590853941.95,0.51
1590853941.97,0.51
1590853941.99,0.50
1590853942.01,0.50
1590853942.03,0.50
1590853942.06,0.49
1590853942.08,0.50
1590853942.1,0.50
1590853942.12,0.50
1590853942.14,0.49
1590853942.17,0.50
1590853942.19,0.50
1590853942.21,0.50
1590853942.23,0.51
1590853942.26,0.50
1590853942.28,0.50
1590853942.3,0.50
1590853942.32,0.50
1590853942.35,0.50
1590853942.37,0.50
1590853942.39,0.50
1590853942.41,0.50
1590853942.44,0.51
1590853942.46,0.50
1590853942.48,0.50
1590853942.5,0.50
1590853942.53,0.50
1590853942.55,0.51
1590853942.57,0.50
1590853942.59,0.50
1590853942.61,0.50
1590853942.63,0.50
1590853942.66,0.49
1590853942.68,0.50
1590853942.7,0.50
1590853942.72,0.51
1590853942.75,0.50
1590853942.77,0.50
1590853942.79,0.51
1590853942.81,0.51
1590853942.83,0.50
1590853942.86,0.50
1590853942.88,0.51
1590853942.9,0.51
1590853942.92,0.51
1590853942.94,0.51
1590853942.97,0.50
1590853942.99,0.50
1590853943.01,0.50
1590853943.03,0.50
1590853943.05,0.50
1590853943.08,0.51
1590853943.1,0.50
1590853943.12,0.49
1590853943.14,0.49
1590853943.16,0.49
1590853943.19,0.50
1590853943.21,0.51
1590853943.23,0.51
1590853943.25,0.51
1590853943.27,0.51
1590853943.3,0.52
1590853943.32,0.51
1590853943.34,0.50
1590853943.36,0.51
1590853943.39,0.52
1590853943.41,0.51
1590853943.43,0.50
1590853943.45,0.50
1590853943.48,0.50
1590853943.5,0.51
1590853943.52,0.50
1590853943.54,0.50
1590853943.57,0.50
1590853943.59,0.50
1590853943.61,0.51
1590853943.63,0.51
1590853943.66,0.50
1590853943.68,0.50
1590853943.7,0.51
1590853943.72,0.50
1590853943.74,0.51
1590853943.77,0.51
1590853943.79,0.50
1590853943.81,0.49
1590853943.83,0.51
1590853943.85,0.51
1590853943.88,0.51
1590853943.9,0.51
1590853943.92,0.50
1590853943.94,0.50
1590853943.96,0.50
1590853943.99,0.50
1590853944.01,0.50
1590853944.03,0.51
1590853944.05,0.51
1590853944.07,0.51
1590853944.1,0.51
1590853944.12,0.51
1590853944.14,0.51
1590853944.16,0.51
1590853944.18,0.51
1590853944.21,0.51
1590853944.23,0.51
1590853944.25,0.51
1590853944.27,0.50
1590853944.3,0.51
1590853944.32,0.51
1590853944.34,0.51
1590853944.36,0.51
1590853944.38,0.51
1590853944.41,0.50
1590853944.43,0.50
1590853944.45,0.50
1590853944.47,0.50
1590853944.5,0.51
1590853944.52,0.51
1590853944.54,0.50
1590853944.56,0.50
1590853944.59,0.50
1590853944.61,0.51
1590853944.63,0.50
1590853944.65,0.51
1590853944.68,0.51
1590853944.7,0.52
1590853944.72,0.51
1590853944.74,0.51
1590853944.76,0.51
1590853944.79,0.51
1590853944.81,0.51
1590853944.83,0.51
1590853944.85,0.52
1590853944.87,0.50
1590853944.9,0.50
1590853944.92,0.50
1590853944.94,0.50
1590853944.96,0.51
1590853944.98,0.51
1590853945.01,0.51
1590853945.03,0.51
1590853945.05,0.51
1590853945.07,0.52
1590853945.09,0.51
1590853945.12,0.51
1590853945.14,0.51
1590853945.16,0.50
1590853945.18,0.50
1590853945.2,0.50
1590853945.23,0.50
1590853945.25,0.49
1590853945.27,0.50
1590853945.29,0.51
1590853945.32,0.52
1590853945.34,0.51
1590853945.36,0.50
1590853945.38,0.48
1590853945.4,0.47
1590853945.43,0.46
1590853945.45,0.45
1590853945.47,0.47
1590853945.49,0.49
1590853945.52,0.53
1590853945.54,0.58
1590853945.56,0.64
1590853945.58,0.69
1590853945.61,0.74
1590853945.63,0.78
1590853945.65,0.81
1590853945.67,0.84
1590853945.7,0.88
1590853945.72,0.91
1590853945.74,0.93
1590853945.76,0.95
1590853945.78,0.97
1590853945.81,0.98
1590853945.83,0.99
1590853945.85,1.02
1590853945.87,1.06
1590853945.89,1.04
1590853945.92,1.04
1590853945.94,1.05
1590853945.96,1.04
1590853945.98,1.05
1590853946.0,1.05
1590853946.03,1.04
1590853946.05,1.05
1590853946.07,1.05
1590853946.09,1.05
1590853946.11,1.05
1590853946.14,1.04
1590853946.16,1.04
1590853946.18,1.03
1590853946.2,1.04
1590853946.22,1.03
1590853946.25,1.04
1590853946.27,1.04
1590853946.29,1.04
1590853946.31,1.04
1590853946.33,1.03
1590853946.36,1.02
1590853946.38,1.03
1590853946.4,1.03
1590853946.42,1.04
1590853946.45,1.04
1590853946.47,1.03
1590853946.49,1.04
1590853946.51,1.02
1590853946.54,1.03
1590853946.56,1.02
1590853946.58,1.02
1590853946.6,1.02
1590853946.63,1.03
1590853946.65,1.02
1590853946.67,1.02
1590853946.69,1.02
1590853946.71,1.02
1590853946.74,1.02
1590853946.76,1.02
1590853946.78,1.01
1590853946.8,1.02
1590853946.82,1.01
1590853946.85,1.00
1590853946.87,1.01
1590853946.89,1.00
1590853946.91,1.01
1590853946.94,1.01
1590853946.96,1.01
1590853946.98,1.01
1590853947.0,1.01
1590853947.02,1.02
1590853947.05,1.01
1590853947.07,1.01
1590853947.09,1.00
1590853947.11,1.00
1590853947.13,1.01
1590853947.16,1.00
1590853947.18,1.00
1590853947.2,1.00
1590853947.22,1.01
1590853947.24,1.00
1590853947.27,1.00
1590853947.29,1.01
1590853947.31,1.00
1590853947.33,1.00
1590853947.35,1.00
1590853947.38,1.00
1590853947.4,1.00
1590853947.42,1.00
1590853947.44,1.00
1590853947.46,1.00
1590853947.49,1.00
1590853947.51,1.00
1590853947.53,1.01
1590853947.55,1.01
1590853947.58,1.00
1590853947.6,1.01
1590853947.62,1.00
1590853947.64,1.01
1590853947.67,1.00
1590853947.69,1.01
1590853947.71,1.00
1590853947.73,1.00
1590853947.76,1.00
1590853947.78,1.00
1590853947.8,0.99
1590853947.82,0.99
1590853947.84,0.99
1590853947.87,1.00
1590853947.89,1.00
1590853947.91,1.00
1590853947.93,1.00
1590853947.95,0.99
1590853947.98,1.00
1590853948.0,1.00
1590853948.02,1.00
1590853948.04,0.99
1590853948.06,0.99
1590853948.09,1.00
1590853948.11,0.99
1590853948.13,0.99
1590853948.15,0.99
1590853948.17,1.00
1590853948.2,0.99
1590853948.22,1.00
1590853948.24,1.00
1590853948.26,1.00
1590853948.29,1.00
1590853948.31,0.99
1590853948.33,0.98
1590853948.35,1.00
1590853948.37,1.00
1590853948.4,0.99
1590853948.42,1.00
1590853948.44,0.99
1590853948.46,0.99
1590853948.48,0.99
1590853948.51,0.99
1590853948.53,1.00
1590853948.55,0.99
1590853948.57,0.99
1590853948.6,1.00
1590853948.62,1.00
1590853948.64,1.00
1590853948.66,1.00
1590853948.69,0.99
1590853948.71,0.99
1590853948.73,0.99
1590853948.75,0.99
1590853948.78,1.00
1590853948.8,1.00
1590853948.82,1.01
1590853948.84,1.00
1590853948.86,1.00
1590853948.89,1.00
1590853948.91,1.00
1590853948.93,1.01
1590853948.95,1.00
1590853948.97,1.01
1590853949.0,1.00
1590853949.02,1.00
1590853949.04,0.99
1590853949.06,1.00
1590853949.08,1.01
1590853949.11,1.01
1590853949.13,1.01
1590853949.15,1.00
1590853949.17,1.01
1590853949.19,1.00
1590853949.22,1.00
1590853949.24,1.00
1590853949.26,1.00
1590853949.28,1.00
1590853949.3,1.00
1590853949.33,1.01
1590853949.35,1.02
1590853949.37,1.00
1590853949.39,1.00
1590853949.41,1.00
1590853949.44,1.00
1590853949.46,1.01
1590853949.48,1.01
1590853949.5,1.00
1590853949.53,1.00
1590853949.55,1.00
1590853949.57,1.00
1590853949.59,1.01
1590853949.61,1.00
1590853949.64,1.01
1590853949.66,0.99
1590853949.68,0.99
1590853949.71,1.01
1590853949.73,1.00
1590853949.75,1.00
1590853949.77,0.99
1590853949.79,0.99
1590853949.82,1.00
1590853949.84,1.00
1590853949.86,1.00
1590853949.88,1.00
1590853949.9,1.01
1590853949.93,1.00
1590853949.95,1.00
1590853949.97,1.00
1590853949.99,0.99
1590853950.02,1.00
1590853950.04,1.00
1590853950.06,0.99
1590853950.08,1.00
1590853950.1,1.00
1590853950.13,1.00
1590853950.15,0.99
1590853950.17,1.00
1590853950.19,1.00
1590853950.21,0.99
1590853950.24,1.00
1590853950.26,1.00
1590853950.28,1.00
1590853950.3,1.01
1590853950.32,1.00
1590853950.35,0.99
1590853950.37,1.00
1590853950.39,1.00
1590853950.41,1.00
1590853950.43,1.00
1590853950.46,1.00
1590853950.48,1.00
1590853950.5,1.00
1590853950.52,1.00
1590853950.54,1.00
1590853950.57,1.01
1590853950.59,1.01
1590853950.61,1.01
1590853950.63,1.00
1590853950.66,1.00
1590853950.68,1.00
1590853950.7,0.99
1590853950.72,1.00
1590853950.75,1.00
1590853950.77,1.00
1590853950.79,1.01
1590853950.81,1.01
1590853950.84,1.00
1590853950.86,1.00
1590853950.88,1.00
1590853950.9,1.00
1590853950.92,1.00
1590853950.95,1.00
1590853950.97,1.00
1590853950.99,1.00
1590853951.01,1.00
1590853951.03,1.00
1590853951.06,1.01
1590853951.08,1.00
1590853951.1,1.00
1590853951.12,1.00
1590853951.14,1.00
1590853951.17,1.00
1590853951.19,1.00
1590853951.21,1.00
1590853951.23,1.00
1590853951.25,1.00
1590853951.28,1.00
1590853951.3,0.99
1590853951.32,1.00
1590853951.34,1.00
1590853951.37,1.00
1590853951.39,1.01
1590853951.41,1.00
1590853951.43,1.00
1590853951.45,0.99
1590853951.48,1.00
1590853951.5,1.00
1590853951.52,1.00
1590853951.54,1.00
1590853951.56,1.00
1590853951.59,1.00
1590853951.61,0.99
1590853951.63,1.01
1590853951.65,1.01
1590853951.68,0.99
1590853951.7,0.99
1590853951.72,1.00
1590853951.74,1.01
1590853951.77,1.01
1590853951.79,1.00
1590853951.81,1.01
1590853951.83,1.00
1590853951.86,1.00
1590853951.88,1.00
1590853951.9,1.00
1590853951.92,1.01
1590853951.94,1.01
1590853951.97,1.01
1590853951.99,1.00
1590853952.01,1.01
1590853952.03,1.01
1590853952.05,1.00
1590853952.08,1.00
1590853952.1,1.01
1590853952.12,1.00
1590853952.14,1.00
1590853952.16,1.00
1590853952.19,1.00
1590853952.21,1.00
1590853952.23,1.00
1590853952.25,1.00
1590853952.27,1.00
1590853952.3,1.00
1590853952.32,1.02
1590853952.34,1.01
1590853952.36,1.00
1590853952.38,1.01
1590853952.41,1.01
1590853952.43,1.01
1590853952.45,1.01
1590853952.47,1.01
1590853952.49,1.01
1590853952.52,1.01
1590853952.54,1.00
1590853952.56,0.99
1590853952.58,1.01
1590853952.61,1.00
1590853952.63,1.00
1590853952.65,1.00
1590853952.67,1.00
1590853952.7,1.01
1590853952.72,1.00
1590853952.74,1.01
1590853952.76,1.01
1590853952.79,1.01
1590853952.81,1.01
1590853952.83,1.01
1590853952.85,1.01
1590853952.87,1.01
1590853952.9,1.01
1590853952.92,1.02
1590853952.94,1.00
1590853952.96,1.00
1590853952.98,1.01
1590853953.01,1.01
1590853953.03,1.00
1590853953.05,1.00
1590853953.07,1.00
1590853953.1,1.01
1590853953.12,1.01
1590853953.14,1.01
1590853953.16,1.01
1590853953.18,1.01
1590853953.21,1.02
1590853953.23,1.00
1590853953.25,1.00
1590853953.27,1.00
1590853953.29,1.02
1590853953.32,1.00
1590853953.34,1.00
1590853953.36,1.00
1590853953.38,1.00
1590853953.4,1.01
1590853953.43,1.01
1590853953.45,1.01
1590853953.47,1.01
1590853953.49,1.01
1590853953.51,1.00
1590853953.54,1.00
1590853953.56,1.01
1590853953.58,1.01
1590853953.6,1.00
1590853953.62,1.00
1590853953.65,1.00
1590853953.67,1.01
1590853953.69,1.01
1590853953.71,1.01
1590853953.74,1.01
1590853953.76,1.00
1590853953.78,1.00
1590853953.8,1.01
1590853953.83,1.00
1590853953.85,1.01
1590853953.87,1.01
1590853953.89,1.01
1590853953.92,1.01
1590853953.94,1.01
1590853953.96,1.00
1590853953.98,1.01
1590853954.0,1.00
1590853954.03,1.00
1590853954.05,1.00
1590853954.07,1.01
1590853954.09,1.00
1590853954.11,1.01
1590853954.14,1.00
1590853954.16,1.01
1590853954.18,1.01
1590853954.2,1.00
1590853954.22,1.00
1590853954.25,1.01
1590853954.27,1.02
1590853954.29,1.01
1590853954.31,1.01
1590853954.33,1.01
1590853954.36,1.01
1590853954.38,1.01
1590853954.4,1.01
1590853954.42,1.01
1590853954.45,1.01
1590853954.47,1.01
1590853954.49,1.00
1590853954.51,1.00
1590853954.53,1.00
1590853954.56,1.01
1590853954.58,1.00
1590853954.6,1.01
1590853954.62,1.01
1590853954.64,1.01
1590853954.67,1.01
1590853954.69,1.01
1590853954.71,1.01
1590853954.73,1.00
1590853954.76,1.00
1590853954.78,1.00
1590853954.8,1.01
1590853954.82,1.02
1590853954.85,1.00
1590853954.87,1.00
1590853954.89,1.00
1590853954.91,1.01
1590853954.94,1.00
1590853954.96,1.01
1590853954.98,1.00
1590853955.0,1.01
1590853955.02,1.00
1590853955.05,1.01
1590853955.07,1.00
1590853955.09,1.01
1590853955.11,1.00
1590853955.13,0.99
1590853955.16,1.00
1590853955.18,1.01
1590853955.2,1.02
1590853955.22,1.02
1590853955.24,1.00
1590853955.27,1.01
1590853955.29,1.01
1590853955.31,1.01
1590853955.33,1.01
1590853955.35,1.01
1590853955.38,1.01
1590853955.4,1.01
1590853955.42,1.00
1590853955.44,1.00
1590853955.46,1.01
1590853955.49,1.00
1590853955.51,1.00
1590853955.53,1.00
1590853955.55,0.99
1590853955.57,0.97
1590853955.6,1.00
1590853955.62,1.02
1590853955.64,1.02
1590853955.66,0.99
1590853955.69,0.97
1590853955.71,0.96
1590853955.73,0.96
1590853955.75,0.94
1590853955.78,0.90
1590853955.8,0.88
1590853955.82,0.88
1590853955.84,0.85
1590853955.87,0.84
1590853955.89,0.83
1590853955.91,0.80
1590853955.93,0.78
1590853955.95,0.75
1590853955.98,0.72
1590853956.0,0.69
1590853956.02,0.67
1590853956.04,0.64
1590853956.06,0.62
1590853956.09,0.62
1590853956.11,0.60
1590853956.13,0.59
1590853956.15,0.60
1590853956.18,0.60
1590853956.2,0.61
1590853956.22,0.60
1590853956.24,0.60
1590853956.26,0.60
1590853956.29,0.59
1590853956.31,0.59
1590853956.33,0.58
1590853956.35,0.59
1590853956.37,0.58
1590853956.4,0.59
1590853956.42,0.59
1590853956.44,0.59
1590853956.46,0.58
1590853956.48,0.58
1590853956.51,0.58
1590853956.53,0.59
1590853956.55,0.59
1590853956.57,0.58
1590853956.59,0.59
1590853956.62,0.58
1590853956.64,0.58
1590853956.66,0.56
1590853956.68,0.56
1590853956.7,0.56
1590853956.73,0.56
1590853956.75,0.56
1590853956.77,0.54
1590853956.79,0.54
1590853956.82,0.54
1590853956.84,0.53
1590853956.86,0.53
1590853956.88,0.52
1590853956.91,0.52
1590853956.93,0.51
1590853956.95,0.52
1590853956.97,0.52
1590853957.0,0.52
1590853957.02,0.51
1590853957.04,0.52
1590853957.06,0.52
1590853957.08,0.53
1590853957.11,0.51
1590853957.13,0.52
1590853957.15,0.53
1590853957.17,0.52
1590853957.2,0.53
1590853957.22,0.52
1590853957.24,0.52
1590853957.26,0.52
1590853957.28,0.52
1590853957.31,0.52
1590853957.33,0.53
1590853957.35,0.53
1590853957.37,0.52
1590853957.39,0.51
1590853957.42,0.52
1590853957.44,0.52
1590853957.46,0.52
1590853957.48,0.52
1590853957.5,0.52
1590853957.53,0.52
1590853957.55,0.52
1590853957.57,0.52
1590853957.59,0.53
1590853957.61,0.53
1590853957.64,0.53
1590853957.66,0.53
1590853957.68,0.53
1590853957.7,0.53
1590853957.72,0.53
1590853957.75,0.53
1590853957.77,0.53
1590853957.79,0.53
1590853957.81,0.53
1590853957.84,0.52
1590853957.86,0.52
1590853957.88,0.52
1590853957.9,0.52
1590853957.93,0.52
1590853957.95,0.52
1590853957.97,0.53
1590853957.99,0.53
1590853958.02,0.53
1590853958.04,0.52
1590853958.06,0.53
1590853958.08,0.52
1590853958.1,0.52
1590853958.13,0.52
1590853958.15,0.53
1590853958.17,0.52
1590853958.19,0.53
1590853958.22,0.52
1590853958.24,0.53
1590853958.26,0.52
1590853958.28,0.52
1590853958.3,0.53
1590853958.33,0.52
1590853958.35,0.53
1590853958.37,0.53
1590853958.39,0.53
1590853958.41,0.52
1590853958.44,0.53
1590853958.46,0.52
1590853958.48,0.53
1590853958.5,0.53
1590853958.52,0.52
1590853958.55,0.53
1590853958.57,0.52
1590853958.59,0.52
1590853958.61,0.51
1590853958.63,0.51
1590853958.66,0.51
1590853958.68,0.51
1590853958.7,0.50
1590853958.72,0.50
1590853958.75,0.50
1590853958.77,0.49
1590853958.79,0.49
1590853958.81,0.49
1590853958.83,0.49
1590853958.86,0.47
1590853958.88,0.47
1590853958.9,0.48
1590853958.92,0.48
1590853958.95,0.49
1590853958.97,0.48
1590853958.99,0.49
1590853959.01,0.48
1590853959.04,0.48
1590853959.06,0.48
1590853959.08,0.48
1590853959.1,0.48
1590853959.13,0.48
1590853959.15,0.48
1590853959.17,0.49
1590853959.19,0.49
1590853959.21,0.48
1590853959.24,0.49
1590853959.26,0.49
1590853959.28,0.50
1590853959.3,0.49
1590853959.32,0.50
1590853959.35,0.50
1590853959.37,0.49
1590853959.39,0.49
1590853959.41,0.49
1590853959.43,0.49
1590853959.46,0.49
1590853959.48,0.50
1590853959.5,0.49
1590853959.52,0.50
1590853959.54,0.50
1590853959.57,0.50
1590853959.59,0.50
1590853959.61,0.50
1590853959.63,0.50
1590853959.66,0.50
1590853959.68,0.49
1590853959.7,0.49
1590853959.72,0.50
1590853959.74,0.50
1590853959.77,0.50
1590853959.79,0.50
1590853959.81,0.50
1590853959.83,0.49
1590853959.85,0.50
1590853959.88,0.49
1590853959.9,0.50
1590853959.92,0.50
1590853959.94,0.51
1590853959.97,0.50
1590853959.99,0.49
1590853960.01,0.50
1590853960.03,0.50
1590853960.06,0.50
1590853960.08,0.50
1590853960.1,0.50
1590853960.12,0.51
1590853960.15,0.50
1590853960.17,0.50
1590853960.19,0.50
1590853960.21,0.51
1590853960.23,0.51
1590853960.26,0.52
1590853960.28,0.52
1590853960.3,0.52
1590853960.32,0.52
1590853960.34,0.51
1590853960.37,0.50
1590853960.39,0.51
1590853960.41,0.51
1590853960.43,0.50
1590853960.45,0.51
1590853960.48,0.51
1590853960.5,0.50
1590853960.52,0.51
1590853960.54,0.51
1590853960.56,0.51
1590853960.59,0.51
1590853960.61,0.51
1590853960.63,0.50
1590853960.65,0.50
1590853960.68,0.51
1590853960.7,0.50
1590853960.72,0.50
1590853960.74,0.51
1590853960.76,0.50
1590853960.79,0.51
1590853960.81,0.51
1590853960.83,0.51
1590853960.85,0.51
1590853960.87,0.51
1590853960.9,0.51
1590853960.92,0.52
1590853960.94,0.51
1590853960.96,0.50
1590853960.98,0.51
1590853961.01,0.51
1590853961.03,0.51
1590853961.05,0.51
1590853961.08,0.51
1590853961.1,0.51
1590853961.12,0.52
1590853961.14,0.52
1590853961.17,0.51
1590853961.19,0.52
1590853961.21,0.51
1590853961.23,0.51
1590853961.25,0.52
1590853961.28,0.52
1590853961.3,0.52
1590853961.32,0.51
1590853961.34,0.51
1590853961.36,0.51
1590853961.39,0.51
1590853961.41,0.51
1590853961.43,0.51
1590853961.45,0.51
1590853961.47,0.51
1590853961.5,0.51
1590853961.52,0.51
1590853961.54,0.51
1590853961.56,0.51
1590853961.59,0.51
1590853961.61,0.51
1590853961.63,0.51
1590853961.65,0.51
1590853961.67,0.51
1590853961.7,0.51
1590853961.72,0.51
1590853961.74,0.51
1590853961.76,0.51
1590853961.78,0.51
1590853961.81,0.52
1590853961.83,0.51
1590853961.85,0.52
1590853961.87,0.52
1590853961.89,0.52
1590853961.92,0.52
1590853961.94,0.52
1590853961.96,0.52
1590853961.98,0.52
1590853962.0,0.51
1590853962.03,0.51
1590853962.05,0.51
1590853962.07,0.51
1590853962.09,0.51
1590853962.12,0.52
1590853962.14,0.51
1590853962.16,0.51
1590853962.18,0.51
1590853962.21,0.51
1590853962.23,0.52
1590853962.25,0.52
1590853962.27,0.52
1590853962.3,0.51
1590853962.32,0.52
1590853962.34,0.51
1590853962.36,0.51
1590853962.39,0.51
1590853962.41,0.51
1590853962.43,0.52
1590853962.45,0.52
1590853962.47,0.52
1590853962.5,0.52
1590853962.52,0.52
1590853962.54,0.52
1590853962.56,0.52
1590853962.58,0.51
1590853962.61,0.51
1590853962.63,0.51
1590853962.65,0.52
1590853962.67,0.52
1590853962.69,0.51
1590853962.72,0.51
1590853962.74,0.52
1590853962.76,0.51
1590853962.78,0.51
1590853962.8,0.51
1590853962.83,0.50
1590853962.85,0.51
1590853962.87,0.51
1590853962.89,0.52
1590853962.92,0.51
1590853962.94,0.51
1590853962.96,0.51
1590853962.98,0.51
1590853963.0,0.52
1590853963.03,0.52
1590853963.05,0.52
1590853963.07,0.52
1590853963.09,0.52
1590853963.11,0.52
1590853963.14,0.52
1590853963.16,0.52
1590853963.18,0.53
1590853963.2,0.52
1590853963.23,0.53
1590853963.25,0.52
1590853963.27,0.52
1590853963.29,0.51
1590853963.32,0.52
1590853963.34,0.51
1590853963.36,0.52
1590853963.38,0.51
1590853963.41,0.51
1590853963.43,0.51
1590853963.45,0.51
1590853963.47,0.51
1590853963.49,0.52
1590853963.52,0.52
1590853963.54,0.51
1590853963.56,0.50
1590853963.58,0.51
1590853963.6,0.52
1590853963.63,0.52
1590853963.65,0.52
1590853963.67,0.52
1590853963.69,0.52
1590853963.71,0.51
1590853963.74,0.51
1590853963.76,0.52
1590853963.78,0.51
1590853963.8,0.50
1590853963.83,0.50
1590853963.85,0.51
1590853963.87,0.52
1590853963.89,0.52
1590853963.91,0.51
1590853963.94,0.52
1590853963.96,0.51
1590853963.98,0.51
1590853964.0,0.51
1590853964.02,0.52
1590853964.05,0.52
1590853964.07,0.52
1590853964.09,0.51
1590853964.11,0.51
1590853964.13,0.52
1590853964.16,0.53
1590853964.18,0.53
1590853964.2,0.51
1590853964.22,0.51
1590853964.25,0.51
1590853964.27,0.52
1590853964.29,0.51
1590853964.31,0.51
1590853964.34,0.52
1590853964.36,0.51
1590853964.38,0.52
1590853964.4,0.51
1590853964.43,0.52
1590853964.45,0.52
1590853964.47,0.52
1590853964.49,0.52
1590853964.51,0.51
1590853964.54,0.52
1590853964.56,0.52
1590853964.58,0.52
1590853964.6,0.51
1590853964.62,0.52
1590853964.65,0.51
1590853964.67,0.51
1590853964.69,0.52
1590853964.71,0.52
1590853964.74,0.51
1590853964.76,0.51
1590853964.78,0.52
1590853964.8,0.51
1590853964.82,0.52
1590853964.85,0.51
1590853964.87,0.51
1590853964.89,0.51
1590853964.91,0.52
1590853964.93,0.52
1590853964.96,0.52
1590853964.98,0.52
1590853965.0,0.52
1590853965.02,0.51
1590853965.04,0.52
1590853965.07,0.52
1590853965.09,0.52
1590853965.11,0.51
1590853965.13,0.51
1590853965.15,0.51
1590853965.18,0.51
1590853965.2,0.52
1590853965.22,0.52
1590853965.24,0.51
1590853965.27,0.51
1590853965.29,0.51
1590853965.31,0.52
1590853965.33,0.51
1590853965.36,0.52
1590853965.38,0.52
1590853965.4,0.51
1590853965.42,0.52
1590853965.45,0.51
1590853965.47,0.51
1590853965.49,0.51
1590853965.51,0.51
1590853965.54,0.51
1590853965.56,0.52
1590853965.58,0.53
1590853965.6,0.56
1590853965.62,0.58
1590853965.65,0.61
1590853965.67,0.65
1590853965.69,0.68
1590853965.71,0.72
1590853965.73,0.76
1590853965.76,0.79
1590853965.78,0.79
1590853965.8,0.79
1590853965.82,0.80
1590853965.84,0.81
1590853965.87,0.83
1590853965.89,0.86
1590853965.91,0.87
1590853965.93,0.89
1590853965.95,0.89
1590853965.98,0.90
1590853966.0,0.93
1590853966.02,0.95
1590853966.04,0.97
1590853966.06,0.98
1590853966.09,0.97
1590853966.11,0.98
1590853966.13,0.98
1590853966.15,0.99
1590853966.17,0.99
1590853966.2,1.00
1590853966.22,1.01
1590853966.24,1.03
1590853966.26,1.03
1590853966.29,1.05
1590853966.31,1.06
1590853966.33,1.07
1590853966.35,1.07
1590853966.37,1.08
1590853966.4,1.07
1590853966.42,1.07
1590853966.44,1.08
1590853966.47,1.08
1590853966.49,1.07
1590853966.51,1.09
1590853966.53,1.08
1590853966.55,1.08
1590853966.58,1.07
1590853966.6,1.06
1590853966.62,1.06
1590853966.64,1.05
1590853966.66,1.05
1590853966.69,1.05
1590853966.71,1.05
1590853966.73,1.06
1590853966.75,1.05
1590853966.78,1.04
1590853966.8,1.03
1590853966.82,1.04
1590853966.84,1.02
1590853966.86,1.01
1590853966.89,1.00
1590853966.91,0.98
1590853966.93,0.97
1590853966.95,0.98
1590853966.97,0.97
1590853967.0,0.96
1590853967.02,0.95
1590853967.04,0.95
1590853967.06,0.95
1590853967.08,0.94
1590853967.11,0.94
1590853967.13,0.94
1590853967.15,0.94
1590853967.17,0.94
1590853967.19,0.94
1590853967.22,0.94
1590853967.24,0.94
1590853967.26,0.94
1590853967.28,0.95
1590853967.3,0.95
1590853967.33,0.96
1590853967.35,0.95
1590853967.37,0.95
1590853967.39,0.95
1590853967.42,0.94
1590853967.44,0.94
1590853967.46,0.94
1590853967.48,0.94
1590853967.51,0.94
1590853967.53,0.92
1590853967.55,0.93
1590853967.57,0.94
1590853967.6,0.93
1590853967.62,0.95
1590853967.64,0.95
1590853967.66,0.97
1590853967.68,0.97
1590853967.71,0.97
1590853967.73,0.96
1590853967.75,0.96
1590853967.77,0.98
1590853967.79,1.00
1590853967.82,1.00
1590853967.84,1.00
1590853967.86,1.00
1590853967.88,1.01
1590853967.9,1.01
1590853967.93,1.01
1590853967.95,1.00
1590853967.97,1.00
1590853967.99,1.00
1590853968.02,0.99
1590853968.04,0.98
1590853968.06,0.98
1590853968.08,0.98
1590853968.1,0.97
1590853968.13,0.97
1590853968.15,0.97
1590853968.17,0.97
1590853968.19,0.97
1590853968.21,0.97
1590853968.24,0.98
1590853968.26,0.98
1590853968.28,0.98
1590853968.3,0.97
1590853968.32,0.97
1590853968.35,0.98
1590853968.37,0.99
1590853968.39,0.98
1590853968.41,0.99
1590853968.44,0.99
1590853968.46,0.98
1590853968.48,0.98
1590853968.5,0.99
1590853968.53,1.00
1590853968.55,0.99
1590853968.57,1.01
1590853968.59,1.01
1590853968.62,1.02
1590853968.64,1.02
1590853968.66,1.01
1590853968.68,1.01
1590853968.7,1.01
1590853968.73,1.01
1590853968.75,1.01
1590853968.77,1.00
1590853968.79,1.01
1590853968.81,1.00
1590853968.84,0.99
1590853968.86,0.99
1590853968.88,0.99
1590853968.9,1.00
1590853968.92,0.99
1590853968.95,1.00
1590853968.97,1.00
1590853968.99,1.00
1590853969.01,1.00
1590853969.03,0.99
1590853969.06,1.00
1590853969.08,1.00
1590853969.1,1.00
1590853969.12,1.00
1590853969.14,1.00
1590853969.17,1.00
1590853969.19,1.00
1590853969.21,1.02
1590853969.23,1.00
1590853969.25,1.00
1590853969.28,1.00
1590853969.3,1.00
1590853969.32,1.00
1590853969.34,1.00
1590853969.37,1.00
1590853969.39,1.01
1590853969.41,1.00
1590853969.43,1.00
1590853969.46,1.00
1590853969.48,1.00
1590853969.5,1.01
1590853969.52,1.00
1590853969.55,0.99
1590853969.57,0.99
1590853969.59,1.00
1590853969.61,1.01
1590853969.63,1.00
1590853969.66,1.00
1590853969.68,1.00
1590853969.7,1.00
1590853969.72,1.00
1590853969.74,1.00
1590853969.77,1.00
1590853969.79,1.00
1590853969.81,1.00
1590853969.83,1.00
1590853969.86,1.00
1590853969.88,1.01
1590853969.9,1.00
1590853969.92,1.00
1590853969.94,1.00
1590853969.97,1.00
1590853969.99,1.00
1590853970.01,1.01
1590853970.03,1.00
1590853970.05,1.00
1590853970.08,1.00
1590853970.1,1.00
1590853970.12,1.00
1590853970.14,1.00
1590853970.16,1.00
1590853970.19,1.01
1590853970.21,1.00
1590853970.23,1.01
1590853970.25,1.01
1590853970.27,1.00
1590853970.3,1.00
1590853970.32,1.00
1590853970.34,1.00
1590853970.36,1.00
1590853970.38,1.00
1590853970.41,1.00
1590853970.43,1.00
1590853970.45,1.01
1590853970.47,1.00
1590853970.5,0.99
1590853970.52,1.01
1590853970.54,1.00
1590853970.57,0.99
1590853970.59,1.00
1590853970.61,1.01
1590853970.63,1.01
1590853970.65,1.00
1590853970.68,1.00
1590853970.7,1.00
1590853970.72,1.00
1590853970.74,1.01
1590853970.76,1.01
1590853970.79,1.01
1590853970.81,1.01
1590853970.83,0.99
1590853970.85,0.99
1590853970.87,1.00
1590853970.9,0.99
1590853970.92,0.99
1590853970.94,0.99
1590853970.96,0.99
1590853970.98,1.00
1590853971.01,1.00
1590853971.03,1.00
1590853971.05,1.00
1590853971.07,1.00
1590853971.09,1.00
1590853971.12,1.00
1590853971.14,1.00
1590853971.16,1.00
1590853971.18,1.00
1590853971.21,1.00
1590853971.23,1.00
1590853971.25,1.00
1590853971.27,1.00
1590853971.29,1.00
1590853971.32,1.00
1590853971.34,1.00
1590853971.36,1.00
1590853971.38,1.00
1590853971.4,1.01
1590853971.43,1.00
1590853971.45,1.00
1590853971.47,1.01
1590853971.49,0.99
1590853971.52,0.99
1590853971.54,0.99
1590853971.56,0.99
1590853971.58,1.01
1590853971.61,0.99
1590853971.63,1.00
1590853971.65,1.00
1590853971.67,1.00
1590853971.7,1.00
1590853971.72,1.01
1590853971.74,1.00
1590853971.76,1.01
1590853971.78,1.01
1590853971.81,0.99
1590853971.83,1.00
1590853971.85,1.00
1590853971.87,0.99
1590853971.89,0.99
1590853971.92,1.00
1590853971.94,1.00
1590853971.96,0.99
1590853971.98,1.00
1590853972.0,1.01
1590853972.03,1.00
1590853972.05,1.00
1590853972.07,1.00
1590853972.09,1.01
1590853972.11,1.00
1590853972.14,0.99
1590853972.16,1.00
1590853972.18,1.01
1590853972.2,1.00
1590853972.22,1.00
1590853972.25,1.01
1590853972.27,0.99
1590853972.29,1.00
1590853972.31,1.00
1590853972.33,1.00
1590853972.36,1.00
1590853972.38,1.00
1590853972.4,1.00
1590853972.42,0.99
1590853972.45,1.00
1590853972.47,1.00
1590853972.49,1.00
1590853972.51,1.00
1590853972.54,1.00
1590853972.56,1.00
1590853972.58,1.01
1590853972.6,1.00
1590853972.63,1.00
1590853972.65,1.00
1590853972.67,1.01
1590853972.69,1.00
1590853972.71,1.01
1590853972.74,1.00
1590853972.76,1.00
1590853972.78,0.99
1590853972.8,1.00
1590853972.82,1.00
1590853972.85,1.00
1590853972.87,0.99
1590853972.89,1.00
1590853972.91,1.00
1590853972.93,1.00
1590853972.96,1.01
1590853972.98,1.01
1590853973.0,0.99
1590853973.02,1.01
1590853973.05,1.00
1590853973.07,1.00
1590853973.09,1.00
1590853973.11,0.99
1590853973.13,1.00
1590853973.16,1.00
1590853973.18,1.00
1590853973.2,1.00
1590853973.22,1.00
1590853973.24,1.00
1590853973.27,1.00
1590853973.29,0.99
1590853973.31,0.99
1590853973.33,1.01
1590853973.35,1.00
1590853973.38,1.00
1590853973.4,1.00
1590853973.42,0.99
1590853973.44,1.00
1590853973.46,1.00
1590853973.49,1.00
1590853973.51,1.00
1590853973.53,0.99
1590853973.56,1.00
1590853973.58,1.00
1590853973.6,1.00
1590853973.62,1.01
1590853973.65,1.00
1590853973.67,1.01
1590853973.69,1.00
1590853973.71,1.00
1590853973.73,0.99
1590853973.76,1.00
1590853973.78,1.00
1590853973.8,1.00
1590853973.82,1.00
1590853973.84,1.00
1590853973.87,1.00
1590853973.89,1.01
1590853973.91,1.00
1590853973.93,1.00
1590853973.95,1.00
1590853973.98,0.99
1590853974.0,0.99
1590853974.02,1.00
1590853974.04,0.99
1590853974.06,1.00
1590853974.09,0.99
1590853974.11,1.00
1590853974.13,0.99
1590853974.15,1.00
1590853974.17,0.99
1590853974.2,1.00
1590853974.22,1.00
1590853974.24,1.00
1590853974.26,1.00
1590853974.29,1.00
1590853974.31,1.00
1590853974.33,1.00
1590853974.35,0.99
1590853974.37,0.99
1590853974.4,1.00
1590853974.42,1.00
1590853974.44,1.00
1590853974.46,1.00
1590853974.48,1.00
1590853974.51,1.00
1590853974.53,1.00
1590853974.55,1.00
1590853974.57,1.00
1590853974.6,1.00
1590853974.62,1.00
1590853974.64,0.99
1590853974.66,1.00
1590853974.69,1.00
1590853974.71,1.00
1590853974.73,1.00
1590853974.75,1.00
1590853974.78,0.99
1590853974.8,0.99
1590853974.82,1.01
1590853974.84,1.00
1590853974.86,0.99
1590853974.89,1.00
1590853974.91,1.00
1590853974.93,0.99
1590853974.95,1.00
1590853974.97,1.00
1590853975.0,1.00
1590853975.02,1.00
1590853975.04,1.00
1590853975.06,1.00
1590853975.08,0.99
1590853975.11,0.99
1590853975.13,1.00
1590853975.15,1.00
1590853975.17,1.00
1590853975.19,1.00
1590853975.22,1.00
1590853975.24,0.99
1590853975.26,0.99
1590853975.28,0.99
1590853975.3,1.00
1590853975.33,1.01
1590853975.35,1.00
1590853975.37,1.00
1590853975.39,1.00
1590853975.41,1.00
1590853975.44,1.00
1590853975.46,1.00
1590853975.48,1.00
1590853975.5,0.99
1590853975.53,0.98
1590853975.55,0.99
1590853975.57,1.00
1590853975.59,1.00
1590853975.62,1.00
1590853975.64,0.99
1590853975.66,1.00
1590853975.68,1.00
1590853975.71,1.00
1590853975.73,1.00
1590853975.75,1.00
1590853975.77,1.00
1590853975.79,0.99
1590853975.82,0.95
1590853975.84,0.98
1590853975.86,0.96
1590853975.88,0.94
1590853975.9,0.93
1590853975.93,0.88
1590853975.95,0.86
1590853975.97,0.84
1590853975.99,0.82
1590853976.01,0.80
1590853976.04,0.78
1590853976.06,0.75
1590853976.08,0.73
1590853976.1,0.71
1590853976.13,0.68
1590853976.15,0.67
1590853976.17,0.66
1590853976.19,0.63
1590853976.21,0.63
1590853976.24,0.63
1590853976.26,0.63
1590853976.28,0.61
1590853976.3,0.60
1590853976.32,0.60
1590853976.35,0.58
1590853976.37,0.59
1590853976.39,0.58
1590853976.41,0.58
1590853976.43,0.56
1590853976.46,0.55
1590853976.48,0.55
1590853976.5,0.52
1590853976.52,0.52
1590853976.54,0.51
1590853976.57,0.51
1590853976.59,0.51
1590853976.61,0.50
1590853976.64,0.50
1590853976.66,0.51
1590853976.68,0.50
1590853976.7,0.50
1590853976.73,0.50
1590853976.75,0.50
1590853976.77,0.50
1590853976.79,0.50
1590853976.81,0.51
1590853976.84,0.50
1590853976.86,0.49
1590853976.88,0.49
1590853976.9,0.49
1590853976.92,0.48
1590853976.95,0.48
1590853976.97,0.47
1590853976.99,0.48
1590853977.01,0.48
1590853977.03,0.48
1590853977.06,0.46
1590853977.08,0.47
1590853977.1,0.48
1590853977.12,0.48
1590853977.15,0.49
1590853977.17,0.49
1590853977.19,0.48
1590853977.21,0.48
1590853977.23,0.49
1590853977.26,0.49
1590853977.28,0.49
1590853977.3,0.48
1590853977.32,0.49
1590853977.34,0.49
1590853977.37,0.49
1590853977.39,0.47
1590853977.41,0.48
1590853977.43,0.48
1590853977.45,0.49
1590853977.48,0.49
1590853977.5,0.49
1590853977.52,0.51
1590853977.54,0.50
1590853977.56,0.51
1590853977.59,0.51
1590853977.61,0.51
1590853977.63,0.52
1590853977.65,0.52
1590853977.68,0.52
1590853977.7,0.53
1590853977.72,0.52
1590853977.75,0.52
1590853977.77,0.52
1590853977.79,0.51
1590853977.81,0.50
1590853977.83,0.50
1590853977.86,0.50
1590853977.88,0.50
1590853977.9,0.51
1590853977.92,0.51
1590853977.94,0.50
1590853977.97,0.50
1590853977.99,0.50
1590853978.01,0.50
1590853978.03,0.50
1590853978.06,0.50
1590853978.08,0.51
1590853978.1,0.51
1590853978.12,0.49
1590853978.14,0.50
1590853978.17,0.50
1590853978.19,0.50
1590853978.21,0.51
1590853978.23,0.50
1590853978.25,0.50
1590853978.28,0.49
1590853978.3,0.50
1590853978.32,0.50
1590853978.34,0.50
1590853978.36,0.50
1590853978.39,0.50
1590853978.41,0.49
1590853978.43,0.50
1590853978.45,0.51
1590853978.47,0.50
1590853978.5,0.51
1590853978.52,0.50
1590853978.54,0.51
1590853978.56,0.51
1590853978.58,0.51
1590853978.61,0.51
1590853978.63,0.51
1590853978.65,0.51
1590853978.67,0.51
1590853978.7,0.50
1590853978.72,0.51
1590853978.74,0.50
1590853978.76,0.50
1590853978.79,0.50
1590853978.81,0.50
1590853978.83,0.50
1590853978.85,0.50
1590853978.88,0.50
1590853978.9,0.49
1590853978.92,0.49
1590853978.94,0.50
1590853978.97,0.50
1590853978.99,0.51
1590853979.01,0.51
1590853979.03,0.50
1590853979.05,0.50
1590853979.08,0.50
1590853979.1,0.51
1590853979.12,0.51
1590853979.14,0.51
1590853979.16,0.51
1590853979.19,0.51
1590853979.21,0.49
1590853979.23,0.50
1590853979.25,0.50
1590853979.27,0.50
1590853979.3,0.50
1590853979.32,0.50
1590853979.34,0.50
1590853979.36,0.50
1590853979.38,0.50
1590853979.41,0.51
1590853979.43,0.51
1590853979.45,0.51
1590853979.47,0.50
1590853979.49,0.50
1590853979.52,0.50
1590853979.54,0.51
1590853979.56,0.51
1590853979.58,0.51
1590853979.61,0.51
1590853979.63,0.51
1590853979.65,0.51
1590853979.67,0.51
1590853979.69,0.50
1590853979.72,0.50
1590853979.74,0.51
1590853979.76,0.50
1590853979.78,0.51
1590853979.81,0.50
1590853979.83,0.50
1590853979.85,0.50
1590853979.87,0.51
1590853979.9,0.50
1590853979.92,0.50
1590853979.94,0.50
1590853979.96,0.50
1590853979.99,0.50
1590853980.01,0.50
1590853980.03,0.50
1590853980.05,0.50
1590853980.07,0.50
1590853980.1,0.49
1590853980.12,0.50
1590853980.14,0.49
1590853980.16,0.50
1590853980.18,0.49
1590853980.21,0.49
1590853980.23,0.50
1590853980.25,0.50
1590853980.27,0.50
1590853980.29,0.50
1590853980.32,0.50
1590853980.34,0.50
1590853980.36,0.49
1590853980.38,0.49
1590853980.4,0.49
1590853980.43,0.49
1590853980.45,0.50
1590853980.47,0.49
1590853980.49,0.49
1590853980.51,0.49
1590853980.54,0.49
1590853980.56,0.48
1590853980.58,0.49
1590853980.6,0.49
1590853980.63,0.49
1590853980.65,0.50
1590853980.67,0.50
1590853980.69,0.50
1590853980.71,0.51
1590853980.74,0.50
1590853980.76,0.50
1590853980.78,0.49
1590853980.8,0.49
1590853980.83,0.50
1590853980.85,0.49
1590853980.87,0.49
1590853980.89,0.49
1590853980.92,0.50
1590853980.94,0.50
1590853980.96,0.50
1590853980.98,0.50
1590853981.01,0.49
1590853981.03,0.50
1590853981.05,0.50
1590853981.07,0.50
1590853981.09,0.49
1590853981.12,0.50
1590853981.14,0.49
1590853981.16,0.49
1590853981.18,0.49
1590853981.2,0.49
1590853981.23,0.50
1590853981.25,0.50
1590853981.27,0.50
1590853981.29,0.50
1590853981.31,0.50
1590853981.34,0.49
1590853981.36,0.50
1590853981.38,0.50
1590853981.4,0.51
1590853981.42,0.50
1590853981.45,0.49
1590853981.47,0.49
1590853981.49,0.49
1590853981.51,0.49
1590853981.54,0.50
1590853981.56,0.50
1590853981.58,0.49
1590853981.6,0.50
1590853981.62,0.49
1590853981.65,0.50
1590853981.67,0.50
1590853981.69,0.49
1590853981.71,0.49
1590853981.73,0.49
1590853981.76,0.50
1590853981.78,0.50
1590853981.8,0.50
1590853981.82,0.49
1590853981.84,0.50
1590853981.87,0.50
1590853981.89,0.50
1590853981.91,0.51
1590853981.93,0.50
1590853981.96,0.50
1590853981.98,0.50
1590853982.0,0.49
1590853982.03,0.49
1590853982.05,0.49
1590853982.07,0.49
1590853982.09,0.49
1590853982.11,0.49
1590853982.14,0.49
1590853982.16,0.50
1590853982.18,0.50
1590853982.2,0.50
1590853982.22,0.49
1590853982.25,0.50
1590853982.27,0.49
1590853982.29,0.50
1590853982.31,0.50
1590853982.33,0.50
1590853982.36,0.50
1590853982.38,0.50
1590853982.4,0.49
1590853982.42,0.49
1590853982.44,0.50
1590853982.47,0.49
1590853982.49,0.50
1590853982.51,0.49
1590853982.53,0.50
1590853982.56,0.49
1590853982.58,0.50
1590853982.6,0.49
1590853982.62,0.49
1590853982.64,0.49
1590853982.67,0.49
1590853982.69,0.50
1590853982.71,0.49
1590853982.73,0.50
1590853982.75,0.49
1590853982.78,0.49
1590853982.8,0.49
1590853982.82,0.49
1590853982.84,0.49
1590853982.86,0.49
1590853982.89,0.49
1590853982.91,0.50
1590853982.93,0.49
1590853982.95,0.48
1590853982.98,0.49
1590853983.0,0.49
1590853983.02,0.49
1590853983.04,0.50
1590853983.07,0.50
1590853983.09,0.50
1590853983.11,0.49
1590853983.13,0.49
1590853983.16,0.50
1590853983.18,0.49
1590853983.2,0.49
1590853983.22,0.49
1590853983.24,0.50
1590853983.27,0.50
1590853983.29,0.49
1590853983.31,0.50
1590853983.33,0.50
1590853983.35,0.50
1590853983.38,0.50
1590853983.4,0.49
1590853983.42,0.49
1590853983.44,0.49
1590853983.46,0.50
1590853983.49,0.50
1590853983.51,0.50
1590853983.53,0.49
1590853983.55,0.49
1590853983.58,0.49
1590853983.6,0.49
1590853983.62,0.50
1590853983.64,0.49
1590853983.66,0.50
1590853983.69,0.49
1590853983.71,0.50
1590853983.73,0.50
1590853983.75,0.49
1590853983.77,0.49
1590853983.8,0.50
1590853983.82,0.49
1590853983.84,0.49
1590853983.86,0.49
1590853983.88,0.49
1590853983.91,0.49
1590853983.93,0.50
1590853983.95,0.50
1590853983.97,0.49
1590853984.0,0.49
1590853984.02,0.49
1590853984.04,0.50
1590853984.06,0.50
1590853984.09,0.49
1590853984.11,0.49
1590853984.13,0.49
1590853984.15,0.50
1590853984.18,0.50
1590853984.2,0.49
1590853984.22,0.50
1590853984.24,0.50
1590853984.26,0.50
1590853984.29,0.50
1590853984.31,0.50
1590853984.33,0.49
1590853984.35,0.50
1590853984.37,0.48
1590853984.4,0.49
1590853984.42,0.49
1590853984.44,0.50
1590853984.46,0.50
1590853984.49,0.49
1590853984.51,0.49
1590853984.53,0.49
1590853984.55,0.49
1590853984.57,0.50
1590853984.6,0.50
1590853984.62,0.50
1590853984.64,0.49
1590853984.66,0.50
1590853984.68,0.49
1590853984.71,0.50
1590853984.73,0.50
1590853984.75,0.50
1590853984.77,0.50
1590853984.79,0.49
1590853984.82,0.49
1590853984.84,0.48
1590853984.86,0.49
1590853984.88,0.49
1590853984.9,0.49
1590853984.93,0.49
1590853984.95,0.49
1590853984.97,0.49
1590853984.99,0.49
1590853985.02,0.48
1590853985.04,0.49
1590853985.06,0.50
1590853985.08,0.50
1590853985.11,0.49
1590853985.13,0.50
1590853985.15,0.50
1590853985.17,0.50
1590853985.2,0.50
1590853985.22,0.50
1590853985.24,0.49
1590853985.26,0.50
1590853985.28,0.49
1590853985.31,0.49
1590853985.33,0.49
1590853985.35,0.49
1590853985.37,0.50
1590853985.4,0.50
1590853985.42,0.49
1590853985.44,0.50
1590853985.46,0.48
1590853985.48,0.48
1590853985.51,0.47
1590853985.53,0.47
1590853985.55,0.47
1590853985.57,0.49
1590853985.59,0.51
1590853985.62,0.53
1590853985.64,0.55
1590853985.66,0.57
1590853985.68,0.61
1590853985.7,0.63
1590853985.73,0.67
1590853985.75,0.70
1590853985.77,0.73
1590853985.79,0.78
1590853985.81,0.81
1590853985.84,0.82
1590853985.86,0.85
1590853985.88,0.87
1590853985.9,0.91
1590853985.92,0.93
1590853985.95,0.94
1590853985.97,0.95
1590853985.99,0.97
1590853986.01,0.98
1590853986.03,0.98
1590853986.06,0.99
1590853986.08,1.00
1590853986.1,1.00
1590853986.12,1.01
1590853986.15,1.02
1590853986.17,1.01
1590853986.19,1.01
1590853986.21,1.01
1590853986.24,1.02
1590853986.26,1.00
1590853986.28,1.00
1590853986.3,1.00
1590853986.33,1.00
1590853986.35,1.00
1590853986.37,0.99
1590853986.39,0.99
1590853986.41,0.99
1590853986.44,0.98
1590853986.46,0.98
1590853986.48,0.97
1590853986.5,0.96
1590853986.53,0.96
1590853986.55,0.95
1590853986.57,0.96
1590853986.59,0.96
1590853986.61,0.96
1590853986.64,0.96
1590853986.66,0.98
1590853986.68,0.95
1590853986.7,0.95
1590853986.72,0.96
1590853986.75,0.96
1590853986.77,0.96
1590853986.79,0.96
1590853986.81,0.95
1590853986.83,0.96
1590853986.86,0.97
1590853986.88,0.98
1590853986.9,0.97
1590853986.92,0.98
1590853986.94,0.98
1590853986.97,0.98
1590853986.99,0.97
1590853987.01,0.98
1590853987.03,0.97
1590853987.05,0.97
1590853987.08,0.97
1590853987.1,0.98
1590853987.12,0.97
1590853987.14,0.97
1590853987.17,0.97
1590853987.19,0.97
1590853987.21,0.96
1590853987.23,0.97
1590853987.26,0.97
1590853987.28,0.96
1590853987.3,0.96
1590853987.32,0.96
1590853987.35,0.97
1590853987.37,0.98
1590853987.39,0.98
1590853987.41,0.98
1590853987.43,0.99
1590853987.46,0.99
1590853987.48,0.99
1590853987.5,0.98
1590853987.52,0.98
1590853987.54,0.97
1590853987.57,0.98
1590853987.59,0.98
1590853987.61,0.97
1590853987.63,0.98
1590853987.65,0.99
1590853987.68,0.98
1590853987.7,0.98
1590853987.72,0.99
1590853987.74,0.98
1590853987.77,0.99
1590853987.79,0.98
1590853987.81,0.97
1590853987.83,0.97
1590853987.85,0.98
1590853987.88,0.97
1590853987.9,0.98
1590853987.92,0.98
1590853987.94,0.98
1590853987.96,0.98
1590853987.99,0.98
1590853988.01,0.99
1590853988.03,0.99
1590853988.05,0.98
1590853988.07,0.98
1590853988.1,0.97
1590853988.12,0.97
1590853988.14,0.99
1590853988.16,0.98
1590853988.19,0.99
1590853988.21,1.00
1590853988.23,0.99
1590853988.25,0.99
1590853988.28,0.98
1590853988.3,0.99
1590853988.32,0.99
1590853988.34,0.99
1590853988.37,0.99
1590853988.39,0.98
1590853988.41,0.98
1590853988.43,0.98
1590853988.45,0.98
1590853988.48,0.98
1590853988.5,0.99
1590853988.52,0.98
1590853988.54,0.99
1590853988.56,0.99
1590853988.59,0.99
1590853988.61,0.98
1590853988.63,0.98
1590853988.65,0.96
1590853988.67,0.97
1590853988.7,0.97
1590853988.72,0.97
1590853988.74,0.98
1590853988.76,0.98
1590853988.78,0.98
1590853988.81,0.98
1590853988.83,0.98
1590853988.85,0.97
1590853988.87,0.97
1590853988.89,0.97
1590853988.92,0.97
1590853988.94,0.97
1590853988.96,0.97
1590853988.98,0.98
1590853989.01,0.98
1590853989.03,0.98
1590853989.05,0.99
1590853989.07,0.98
1590853989.09,0.98
1590853989.12,0.99
1590853989.14,0.99
1590853989.16,0.99
1590853989.18,0.99
1590853989.21,0.99
1590853989.23,0.98
1590853989.25,0.99
1590853989.27,0.98
1590853989.3,0.99
1590853989.32,0.99
1590853989.34,0.98
1590853989.36,0.98
1590853989.38,0.98
1590853989.41,0.98
1590853989.43,0.98
1590853989.45,0.97
1590853989.47,0.98
1590853989.5,0.98
1590853989.52,0.98
1590853989.54,0.98
1590853989.56,0.99
1590853989.58,0.99
1590853989.61,0.99
1590853989.63,0.99
1590853989.65,0.99
1590853989.67,1.00
1590853989.69,1.00
1590853989.72,0.99
1590853989.74,0.99
1590853989.76,0.99
1590853989.78,0.98
1590853989.8,0.99
1590853989.83,1.00
1590853989.85,0.98
1590853989.87,0.99
1590853989.89,0.99
1590853989.91,0.98
1590853989.94,1.00
1590853989.96,1.00
1590853989.98,1.00
1590853990.0,1.00
1590853990.02,0.99
1590853990.05,0.99
1590853990.07,1.00
1590853990.09,1.00
1590853990.11,0.99
1590853990.13,0.99
1590853990.16,0.99
1590853990.18,0.99
1590853990.2,1.00
1590853990.22,0.99
1590853990.25,1.00
1590853990.27,1.00
1590853990.29,1.00
1590853990.31,0.99
1590853990.34,0.99
1590853990.36,1.00
1590853990.38,0.99
1590853990.4,0.99
1590853990.43,1.00
1590853990.45,1.00
1590853990.47,1.00
1590853990.49,1.00
1590853990.51,0.99
1590853990.54,1.00
1590853990.56,0.99
1590853990.58,1.00
1590853990.6,1.00
1590853990.62,1.00
1590853990.65,1.00
1590853990.67,1.00
1590853990.69,1.00
1590853990.71,1.00
1590853990.74,1.00
1590853990.76,0.99
1590853990.78,0.99
1590853990.8,1.00
1590853990.82,0.99
1590853990.85,1.00
1590853990.87,1.00
1590853990.89,0.99
1590853990.91,1.00
1590853990.93,0.99
1590853990.96,1.00
1590853990.98,0.99
1590853991.0,0.99
1590853991.02,0.99
1590853991.04,1.00
1590853991.07,0.99
1590853991.09,1.01
1590853991.11,0.99
1590853991.13,0.99
1590853991.15,0.99
1590853991.18,0.99
1590853991.2,1.00
1590853991.22,0.99
1590853991.24,0.99
1590853991.27,0.98
1590853991.29,0.98
1590853991.31,0.99
1590853991.33,0.99
1590853991.36,0.99
1590853991.38,0.98
1590853991.4,0.98
1590853991.42,0.99
1590853991.45,0.99
1590853991.47,0.99
1590853991.49,0.99
1590853991.51,1.00
1590853991.53,0.99
1590853991.56,0.99
1590853991.58,0.99
1590853991.6,0.98
1590853991.62,0.99
1590853991.64,0.99
1590853991.67,0.99
1590853991.69,0.98
1590853991.71,0.98
1590853991.73,0.99
1590853991.75,0.98
1590853991.78,0.99
1590853991.8,0.99
1590853991.82,1.00
1590853991.84,0.99
1590853991.86,0.99
1590853991.89,0.98
1590853991.91,0.98
1590853991.93,0.98
1590853991.95,0.98
1590853991.98,0.99
1590853992.0,0.99
1590853992.02,0.99
1590853992.04,0.99
1590853992.06,0.97
1590853992.09,0.99
1590853992.11,0.98
1590853992.13,0.99
1590853992.15,0.98
1590853992.17,0.99
1590853992.2,1.00
1590853992.22,0.99
1590853992.24,0.98
1590853992.26,0.99
1590853992.29,0.98
1590853992.31,0.98
1590853992.33,0.98
1590853992.35,0.98
1590853992.38,0.99
1590853992.4,0.99
1590853992.42,0.99
1590853992.44,0.99
1590853992.47,0.98
1590853992.49,0.99
1590853992.51,0.99
1590853992.53,0.98
1590853992.55,1.00
1590853992.58,0.99
1590853992.6,1.00
1590853992.62,0.99
1590853992.64,0.98
1590853992.66,0.99
1590853992.69,0.98
1590853992.71,0.99
1590853992.73,0.99
1590853992.75,0.99
1590853992.77,0.98
1590853992.8,0.98
1590853992.82,0.98
1590853992.84,0.98
1590853992.86,0.99
1590853992.88,0.98
1590853992.91,0.98
1590853992.93,0.99
1590853992.95,0.99
1590853992.97,0.99
1590853992.99,0.99
1590853993.02,0.99
1590853993.04,0.99
1590853993.06,0.99
1590853993.08,1.00
1590853993.1,1.00
1590853993.13,0.99
1590853993.15,0.99
1590853993.17,0.98
1590853993.19,0.98
1590853993.22,0.99
1590853993.24,0.99
1590853993.26,0.98
1590853993.28,0.99
1590853993.3,0.99
1590853993.33,0.98
1590853993.35,0.99
1590853993.37,0.99
1590853993.4,0.99
1590853993.42,0.98
1590853993.44,0.99
1590853993.46,0.99
1590853993.48,0.99
1590853993.51,0.99
1590853993.53,0.99
1590853993.55,0.99
1590853993.57,0.98
1590853993.59,0.99
1590853993.62,0.99
1590853993.64,0.98
1590853993.66,0.98
1590853993.68,0.99
1590853993.71,0.98
1590853993.73,0.98
1590853993.75,0.99
1590853993.77,0.99
1590853993.79,1.00
1590853993.82,0.98
1590853993.84,0.98
1590853993.86,0.99
1590853993.88,0.99
1590853993.9,0.99
1590853993.93,0.98
1590853993.95,0.99
1590853993.97,0.99
1590853993.99,1.00
1590853994.01,1.00
1590853994.04,1.00
1590853994.06,0.99
1590853994.08,1.00
1590853994.1,0.98
1590853994.12,0.98
1590853994.15,0.98
1590853994.17,0.98
1590853994.19,0.99
1590853994.21,0.99
1590853994.23,0.99
1590853994.26,0.99
1590853994.28,0.99
1590853994.3,0.99
1590853994.32,0.98
1590853994.35,0.99
1590853994.37,0.99
1590853994.39,0.98
1590853994.41,0.98
1590853994.44,0.99
1590853994.46,0.99
1590853994.48,0.99
1590853994.5,0.99
1590853994.53,0.99
1590853994.55,0.99
1590853994.57,0.99
1590853994.59,1.00
1590853994.61,0.99
1590853994.64,0.99
1590853994.66,0.99
1590853994.68,0.99
1590853994.7,0.99
1590853994.72,0.99
1590853994.75,0.99
1590853994.77,0.99
1590853994.79,0.98
1590853994.81,0.98
1590853994.83,0.98
1590853994.86,0.99
1590853994.88,0.99
1590853994.9,0.98
1590853994.92,0.98
1590853994.95,0.99
1590853994.97,0.99
1590853994.99,0.99
1590853995.01,1.00
1590853995.03,1.00
1590853995.06,0.99
1590853995.08,0.98
1590853995.1,0.98
1590853995.12,0.99
1590853995.14,0.99
1590853995.17,1.00
1590853995.19,0.99
1590853995.21,0.99
1590853995.23,0.99
1590853995.25,1.00
1590853995.28,0.99
1590853995.3,0.99
1590853995.32,0.99
1590853995.34,0.99
1590853995.37,0.99
1590853995.39,0.99
1590853995.41,0.99
1590853995.43,0.99
1590853995.46,1.00
1590853995.48,0.99
1590853995.5,0.99
1590853995.52,0.99
1590853995.55,0.99
1590853995.57,0.99
1590853995.59,0.99
1590853995.61,0.99
1590853995.63,1.00
1590853995.66,1.00
1590853995.68,0.98
1590853995.7,0.99
1590853995.72,0.98
1590853995.74,1.01
1590853995.77,1.00
1590853995.79,0.97
1590853995.81,0.98
1590853995.83,0.95
1590853995.85,0.93
1590853995.88,0.88
1590853995.9,0.84
1590853995.92,0.84
1590853995.94,0.84
1590853995.96,0.79
1590853995.99,0.76
1590853996.01,0.73
1590853996.03,0.72
1590853996.05,0.70
1590853996.07,0.67
1590853996.1,0.66
1590853996.12,0.64
1590853996.14,0.63
1590853996.16,0.62
1590853996.19,0.61
1590853996.21,0.60
1590853996.23,0.58
1590853996.25,0.58
1590853996.27,0.58
1590853996.3,0.58
1590853996.32,0.57
1590853996.34,0.56
1590853996.36,0.55
1590853996.38,0.55
1590853996.41,0.55
1590853996.43,0.55
1590853996.45,0.54
1590853996.48,0.53
1590853996.5,0.52
1590853996.52,0.53
1590853996.54,0.53
1590853996.57,0.54
1590853996.59,0.54
1590853996.61,0.55
1590853996.63,0.55
1590853996.65,0.55
1590853996.68,0.55
1590853996.7,0.55
1590853996.72,0.55
1590853996.74,0.54
1590853996.76,0.52
1590853996.79,0.52
1590853996.81,0.52
1590853996.83,0.52
1590853996.85,0.52
1590853996.87,0.50
1590853996.9,0.50
1590853996.92,0.51
1590853996.94,0.51
1590853996.96,0.51
1590853996.98,0.50
1590853997.01,0.52
1590853997.03,0.52
1590853997.05,0.51
1590853997.07,0.52
1590853997.09,0.51
1590853997.12,0.51
1590853997.14,0.52
1590853997.16,0.51
1590853997.18,0.51
1590853997.21,0.51
1590853997.23,0.51
1590853997.25,0.50
1590853997.27,0.50
1590853997.29,0.50
1590853997.32,0.50
1590853997.34,0.50
1590853997.36,0.50
1590853997.38,0.50
1590853997.4,0.51
1590853997.43,0.50
1590853997.45,0.51
1590853997.47,0.51
1590853997.49,0.51
1590853997.52,0.51
1590853997.54,0.50
1590853997.56,0.50
1590853997.58,0.49
1590853997.61,0.50
1590853997.63,0.50
1590853997.65,0.51
1590853997.67,0.50
1590853997.7,0.50
1590853997.72,0.50
1590853997.74,0.50
1590853997.76,0.50
1590853997.78,0.49
1590853997.81,0.50
1590853997.83,0.50
1590853997.85,0.49
1590853997.87,0.49
1590853997.89,0.49
1590853997.92,0.50
1590853997.94,0.49
1590853997.96,0.50
1590853997.98,0.49
1590853998.0,0.49
1590853998.03,0.50
1590853998.05,0.49
1590853998.07,0.49
1590853998.09,0.50
1590853998.12,0.49
1590853998.14,0.49
1590853998.16,0.50
1590853998.18,0.50
1590853998.2,0.50
1590853998.23,0.51
1590853998.25,0.50
1590853998.27,0.51
1590853998.29,0.50
1590853998.31,0.50
1590853998.34,0.49
1590853998.36,0.50
1590853998.38,0.50
1590853998.4,0.50
1590853998.42,0.50
1590853998.45,0.51
1590853998.47,0.50
1590853998.49,0.51
1590853998.51,0.50
1590853998.54,0.50
1590853998.56,0.52
1590853998.58,0.52
1590853998.6,0.51
1590853998.63,0.50
1590853998.65,0.51
1590853998.67,0.51
1590853998.69,0.51
1590853998.72,0.51
1590853998.74,0.52
1590853998.76,0.52
1590853998.78,0.52
1590853998.8,0.51
1590853998.83,0.50
1590853998.85,0.51
1590853998.87,0.51
1590853998.89,0.50
1590853998.91,0.51
1590853998.94,0.51
1590853998.96,0.51
1590853998.98,0.52
1590853999.0,0.51
1590853999.03,0.52
1590853999.05,0.52
1590853999.07,0.51
1590853999.09,0.51
1590853999.11,0.51
1590853999.14,0.51
1590853999.16,0.52
1590853999.18,0.51
1590853999.2,0.51
1590853999.22,0.52
1590853999.25,0.52
1590853999.27,0.51
1590853999.29,0.51
1590853999.31,0.51
1590853999.33,0.51
1590853999.36,0.51
1590853999.38,0.51
1590853999.4,0.51
1590853999.42,0.51
1590853999.44,0.51
1590853999.47,0.52
1590853999.49,0.51
1590853999.51,0.51
1590853999.53,0.50
1590853999.56,0.52
1590853999.58,0.52
1590853999.6,0.51
1590853999.62,0.51
1590853999.65,0.51
1590853999.67,0.52
1590853999.69,0.51
1590853999.71,0.50
1590853999.74,0.51
1590853999.76,0.51
1590853999.78,0.50
1590853999.8,0.51
1590853999.82,0.52
1590853999.85,0.52
1590853999.87,0.52
1590853999.89,0.52
1590853999.91,0.51
1590853999.94,0.51
1590853999.96,0.51
1590853999.98,0.51
1590854000.0,0.52
1590854000.02,0.51
1590854000.05,0.50
1590854000.07,0.50
1590854000.09,0.51
1590854000.11,0.50
1590854000.13,0.50
1590854000.16,0.51
1590854000.18,0.52
1590854000.2,0.52
1590854000.22,0.52
1590854000.24,0.51
1590854000.27,0.51
1590854000.29,0.51
1590854000.31,0.51
1590854000.33,0.51
1590854000.35,0.51
1590854000.38,0.50
1590854000.4,0.51
1590854000.42,0.51
1590854000.44,0.51
1590854000.47,0.52
1590854000.49,0.52
1590854000.51,0.52
1590854000.53,0.52
1590854000.55,0.51
1590854000.58,0.51
1590854000.6,0.52
1590854000.62,0.52
1590854000.64,0.52
1590854000.67,0.51
1590854000.69,0.51
1590854000.71,0.52
1590854000.73,0.52
1590854000.76,0.51
1590854000.78,0.52
1590854000.8,0.51
1590854000.82,0.51
1590854000.85,0.52
1590854000.87,0.52
1590854000.89,0.52
1590854000.91,0.52
1590854000.93,0.51
1590854000.96,0.51
1590854000.98,0.51
1590854001.0,0.51
1590854001.02,0.52
1590854001.04,0.51
1590854001.07,0.52
1590854001.09,0.53
1590854001.11,0.52
1590854001.13,0.52
1590854001.15,0.52
1590854001.18,0.52
1590854001.2,0.52
1590854001.22,0.52
1590854001.24,0.52
1590854001.26,0.51
1590854001.29,0.52
1590854001.31,0.51
1590854001.33,0.51
1590854001.35,0.52
1590854001.38,0.52
1590854001.4,0.52
1590854001.42,0.52
1590854001.44,0.52
1590854001.46,0.52
1590854001.49,0.52
1590854001.51,0.51
1590854001.53,0.52
1590854001.55,0.51
1590854001.57,0.52
1590854001.6,0.51
1590854001.62,0.52
1590854001.64,0.51
1590854001.66,0.51
1590854001.68,0.52
1590854001.71,0.51
1590854001.73,0.51
1590854001.75,0.52
1590854001.78,0.52
1590854001.8,0.52
1590854001.82,0.51
1590854001.84,0.51
1590854001.87,0.50
1590854001.89,0.51
1590854001.91,0.51
1590854001.93,0.51
1590854001.95,0.51
1590854001.98,0.51
1590854002.0,0.52
1590854002.02,0.52
1590854002.04,0.51
1590854002.06,0.53
1590854002.09,0.51
1590854002.11,0.51
1590854002.13,0.51
1590854002.15,0.51
1590854002.17,0.51
1590854002.2,0.53
1590854002.22,0.51
1590854002.24,0.52
1590854002.26,0.52
1590854002.29,0.52
1590854002.31,0.52
1590854002.33,0.52
1590854002.35,0.51
1590854002.37,0.53
1590854002.4,0.53
1590854002.42,0.53
1590854002.44,0.53
1590854002.46,0.52
1590854002.48,0.52
1590854002.51,0.52
1590854002.53,0.52
1590854002.55,0.52
1590854002.57,0.52
1590854002.59,0.52
1590854002.62,0.52
1590854002.64,0.51
1590854002.66,0.52
1590854002.68,0.52
1590854002.7,0.51
1590854002.73,0.50
1590854002.75,0.51
1590854002.77,0.51
1590854002.79,0.52
1590854002.82,0.52
1590854002.84,0.52
1590854002.86,0.53
1590854002.88,0.52
1590854002.91,0.52
1590854002.93,0.52
1590854002.95,0.51
1590854002.97,0.52
1590854003.0,0.53
1590854003.02,0.53
1590854003.04,0.53
1590854003.06,0.54
1590854003.08,0.53
1590854003.11,0.53
1590854003.13,0.53
1590854003.15,0.52
1590854003.17,0.53
1590854003.2,0.52
1590854003.22,0.53
1590854003.24,0.54
1590854003.26,0.54
1590854003.28,0.53
1590854003.31,0.54
1590854003.33,0.53
1590854003.35,0.55
1590854003.37,0.55
1590854003.39,0.55
1590854003.42,0.55
1590854003.44,0.55
1590854003.46,0.53
1590854003.48,0.53
1590854003.5,0.54
1590854003.53,0.54
1590854003.55,0.53
1590854003.57,0.54
1590854003.59,0.54
1590854003.61,0.54
1590854003.64,0.54
1590854003.66,0.54
1590854003.68,0.55
1590854003.7,0.54
1590854003.72,0.54
1590854003.75,0.54
1590854003.77,0.53
1590854003.79,0.54
1590854003.81,0.54
1590854003.84,0.53
1590854003.86,0.52
1590854003.88,0.54
1590854003.9,0.55
1590854003.93,0.55
1590854003.95,0.54
1590854003.97,0.55
1590854003.99,0.54
1590854004.02,0.53
1590854004.04,0.54
1590854004.06,0.55
1590854004.08,0.55
1590854004.1,0.56
1590854004.13,0.55
1590854004.15,0.54
1590854004.17,0.54
1590854004.19,0.54
1590854004.22,0.53
1590854004.24,0.53
1590854004.26,0.53
1590854004.28,0.52
1590854004.3,0.53
1590854004.33,0.53
1590854004.35,0.53
1590854004.37,0.53
1590854004.39,0.53
1590854004.41,0.52
1590854004.44,0.53
1590854004.46,0.53
1590854004.48,0.54
1590854004.5,0.54
1590854004.52,0.54
1590854004.55,0.54
1590854004.57,0.54
1590854004.59,0.54
1590854004.61,0.53
1590854004.63,0.54
1590854004.66,0.55
1590854004.68,0.54
1590854004.7,0.53
1590854004.72,0.53
1590854004.74,0.54
1590854004.77,0.55
1590854004.79,0.54
1590854004.81,0.54
1590854004.83,0.54
1590854004.86,0.53
1590854004.88,0.53
1590854004.9,0.53
1590854004.92,0.52
1590854004.95,0.53
1590854004.97,0.52
1590854004.99,0.52
1590854005.01,0.52
1590854005.04,0.53
1590854005.06,0.51
1590854005.08,0.52
1590854005.1,0.52
1590854005.12,0.52
1590854005.15,0.52
1590854005.17,0.52
1590854005.19,0.51
1590854005.21,0.51
1590854005.24,0.52
1590854005.26,0.52
1590854005.28,0.53
1590854005.3,0.52
1590854005.32,0.52
1590854005.35,0.53
1590854005.37,0.52
1590854005.39,0.52
1590854005.41,0.53
1590854005.43,0.51
1590854005.46,0.52
1590854005.48,0.52
1590854005.5,0.52
1590854005.52,0.51
1590854005.54,0.52
1590854005.57,0.52
1590854005.59,0.53
1590854005.61,0.53
1590854005.63,0.53
1590854005.65,0.52
1590854005.68,0.52
1590854005.7,0.52
1590854005.72,0.52
1590854005.74,0.53
1590854005.77,0.53
1590854005.79,0.53
